Fechas	renglon	Mes_1	Mes_2	Mes_3	Mes_4	Mes_5	Mes_6	Mes_7	Mes_8	Mes_9	Mes_10	Mes_11	Mes_12	Crisis
01/01/2007	0	1	0	0	0	0	0	0	0	0	0	0	0	0
01/02/2007	1	0	1	0	0	0	0	0	0	0	0	0	0	0
01/03/2007	2	0	0	1	0	0	0	0	0	0	0	0	0	0
01/04/2007	3	0	0	0	1	0	0	0	0	0	0	0	0	0
01/05/2007	4	0	0	0	0	1	0	0	0	0	0	0	0	0
01/06/2007	5	0	0	0	0	0	1	0	0	0	0	0	0	0
01/07/2007	6	0	0	0	0	0	0	1	0	0	0	0	0	0
01/08/2007	7	0	0	0	0	0	0	0	1	0	0	0	0	0
01/09/2007	8	0	0	0	0	0	0	0	0	1	0	0	0	0
01/10/2007	9	0	0	0	0	0	0	0	0	0	1	0	0	0
01/11/2007	10	0	0	0	0	0	0	0	0	0	0	1	0	0
01/12/2007	11	0	0	0	0	0	0	0	0	0	0	0	1	0
01/01/2008	12	1	0	0	0	0	0	0	0	0	0	0	0	0
01/02/2008	13	0	1	0	0	0	0	0	0	0	0	0	0	0
01/03/2008	14	0	0	1	0	0	0	0	0	0	0	0	0	0
01/04/2008	15	0	0	0	1	0	0	0	0	0	0	0	0	0
01/05/2008	16	0	0	0	0	1	0	0	0	0	0	0	0	0
01/06/2008	17	0	0	0	0	0	1	0	0	0	0	0	0	0
01/07/2008	18	0	0	0	0	0	0	1	0	0	0	0	0	0
01/08/2008	19	0	0	0	0	0	0	0	1	0	0	0	0	0
01/09/2008	20	0	0	0	0	0	0	0	0	1	0	0	0	1
01/10/2008	21	0	0	0	0	0	0	0	0	0	1	0	0	1
01/11/2008	22	0	0	0	0	0	0	0	0	0	0	1	0	1
01/12/2008	23	0	0	0	0	0	0	0	0	0	0	0	1	1
01/01/2009	24	1	0	0	0	0	0	0	0	0	0	0	0	1
01/02/2009	25	0	1	0	0	0	0	0	0	0	0	0	0	1
01/03/2009	26	0	0	1	0	0	0	0	0	0	0	0	0	1
01/04/2009	27	0	0	0	1	0	0	0	0	0	0	0	0	1
01/05/2009	28	0	0	0	0	1	0	0	0	0	0	0	0	1
01/06/2009	29	0	0	0	0	0	1	0	0	0	0	0	0	1
01/07/2009	30	0	0	0	0	0	0	1	0	0	0	0	0	1
01/08/2009	31	0	0	0	0	0	0	0	1	0	0	0	0	1
01/09/2009	32	0	0	0	0	0	0	0	0	1	0	0	0	1
01/10/2009	33	0	0	0	0	0	0	0	0	0	1	0	0	1
01/11/2009	34	0	0	0	0	0	0	0	0	0	0	1	0	1
01/12/2009	35	0	0	0	0	0	0	0	0	0	0	0	1	1
01/01/2010	36	1	0	0	0	0	0	0	0	0	0	0	0	1
01/02/2010	37	0	1	0	0	0	0	0	0	0	0	0	0	1
01/03/2010	38	0	0	1	0	0	0	0	0	0	0	0	0	1
01/04/2010	39	0	0	0	1	0	0	0	0	0	0	0	0	1
01/05/2010	40	0	0	0	0	1	0	0	0	0	0	0	0	1
01/06/2010	41	0	0	0	0	0	1	0	0	0	0	0	0	1
01/07/2010	42	0	0	0	0	0	0	1	0	0	0	0	0	1
01/08/2010	43	0	0	0	0	0	0	0	1	0	0	0	0	1
01/09/2010	44	0	0	0	0	0	0	0	0	1	0	0	0	1
01/10/2010	45	0	0	0	0	0	0	0	0	0	1	0	0	1
01/11/2010	46	0	0	0	0	0	0	0	0	0	0	1	0	1
01/12/2010	47	0	0	0	0	0	0	0	0	0	0	0	1	1
01/01/2011	48	1	0	0	0	0	0	0	0	0	0	0	0	1
01/02/2011	49	0	1	0	0	0	0	0	0	0	0	0	0	1
01/03/2011	50	0	0	1	0	0	0	0	0	0	0	0	0	1
01/04/2011	51	0	0	0	1	0	0	0	0	0	0	0	0	0
01/05/2011	52	0	0	0	0	1	0	0	0	0	0	0	0	0
01/06/2011	53	0	0	0	0	0	1	0	0	0	0	0	0	0
01/07/2011	54	0	0	0	0	0	0	1	0	0	0	0	0	0
01/08/2011	55	0	0	0	0	0	0	0	1	0	0	0	0	0
01/09/2011	56	0	0	0	0	0	0	0	0	1	0	0	0	0
01/10/2011	57	0	0	0	0	0	0	0	0	0	1	0	0	0
01/11/2011	58	0	0	0	0	0	0	0	0	0	0	1	0	0
01/12/2011	59	0	0	0	0	0	0	0	0	0	0	0	1	0
01/01/2012	60	1	0	0	0	0	0	0	0	0	0	0	0	0
01/02/2012	61	0	1	0	0	0	0	0	0	0	0	0	0	0
01/03/2012	62	0	0	1	0	0	0	0	0	0	0	0	0	0
01/04/2012	63	0	0	0	1	0	0	0	0	0	0	0	0	0
01/05/2012	64	0	0	0	0	1	0	0	0	0	0	0	0	0
01/06/2012	65	0	0	0	0	0	1	0	0	0	0	0	0	0
01/07/2012	66	0	0	0	0	0	0	1	0	0	0	0	0	0
01/08/2012	67	0	0	0	0	0	0	0	1	0	0	0	0	0
01/09/2012	68	0	0	0	0	0	0	0	0	1	0	0	0	0
01/10/2012	69	0	0	0	0	0	0	0	0	0	1	0	0	0
01/11/2012	70	0	0	0	0	0	0	0	0	0	0	1	0	0
01/12/2012	71	0	0	0	0	0	0	0	0	0	0	0	1	0
01/01/2013	72	1	0	0	0	0	0	0	0	0	0	0	0	0
01/02/2013	73	0	1	0	0	0	0	0	0	0	0	0	0	0
01/03/2013	74	0	0	1	0	0	0	0	0	0	0	0	0	0
01/04/2013	75	0	0	0	1	0	0	0	0	0	0	0	0	0
01/05/2013	76	0	0	0	0	1	0	0	0	0	0	0	0	0
01/06/2013	77	0	0	0	0	0	1	0	0	0	0	0	0	0
01/07/2013	78	0	0	0	0	0	0	1	0	0	0	0	0	0
01/08/2013	79	0	0	0	0	0	0	0	1	0	0	0	0	0
01/09/2013	80	0	0	0	0	0	0	0	0	1	0	0	0	0
01/10/2013	81	0	0	0	0	0	0	0	0	0	1	0	0	0
01/11/2013	82	0	0	0	0	0	0	0	0	0	0	1	0	0
01/12/2013	83	0	0	0	0	0	0	0	0	0	0	0	1	0
01/01/2014	84	1	0	0	0	0	0	0	0	0	0	0	0	0
01/02/2014	85	0	1	0	0	0	0	0	0	0	0	0	0	0
01/03/2014	86	0	0	1	0	0	0	0	0	0	0	0	0	0
01/04/2014	87	0	0	0	1	0	0	0	0	0	0	0	0	0
01/05/2014	88	0	0	0	0	1	0	0	0	0	0	0	0	0
01/06/2014	89	0	0	0	0	0	1	0	0	0	0	0	0	0
01/07/2014	90	0	0	0	0	0	0	1	0	0	0	0	0	0
01/08/2014	91	0	0	0	0	0	0	0	1	0	0	0	0	0
01/09/2014	92	0	0	0	0	0	0	0	0	1	0	0	0	0
01/10/2014	93	0	0	0	0	0	0	0	0	0	1	0	0	0
01/11/2014	94	0	0	0	0	0	0	0	0	0	0	1	0	0
01/12/2014	95	0	0	0	0	0	0	0	0	0	0	0	1	0
01/01/2015	96	1	0	0	0	0	0	0	0	0	0	0	0	0
01/02/2015	97	0	1	0	0	0	0	0	0	0	0	0	0	0
01/03/2015	98	0	0	1	0	0	0	0	0	0	0	0	0	0
01/04/2015	99	0	0	0	1	0	0	0	0	0	0	0	0	0
01/05/2015	100	0	0	0	0	1	0	0	0	0	0	0	0	0
01/06/2015	101	0	0	0	0	0	1	0	0	0	0	0	0	0
01/07/2015	102	0	0	0	0	0	0	1	0	0	0	0	0	0
01/08/2015	103	0	0	0	0	0	0	0	1	0	0	0	0	0
01/09/2015	104	0	0	0	0	0	0	0	0	1	0	0	0	0
01/10/2015	105	0	0	0	0	0	0	0	0	0	1	0	0	0
01/11/2015	106	0	0	0	0	0	0	0	0	0	0	1	0	0
01/12/2015	107	0	0	0	0	0	0	0	0	0	0	0	1	0
01/01/2016	108	1	0	0	0	0	0	0	0	0	0	0	0	0
01/02/2016	109	0	1	0	0	0	0	0	0	0	0	0	0	0
01/03/2016	110	0	0	1	0	0	0	0	0	0	0	0	0	0
01/04/2016	111	0	0	0	1	0	0	0	0	0	0	0	0	0
01/05/2016	112	0	0	0	0	1	0	0	0	0	0	0	0	0
01/06/2016	113	0	0	0	0	0	1	0	0	0	0	0	0	0
01/07/2016	114	0	0	0	0	0	0	1	0	0	0	0	0	0
01/08/2016	115	0	0	0	0	0	0	0	1	0	0	0	0	0
01/09/2016	116	0	0	0	0	0	0	0	0	1	0	0	0	0
01/10/2016	117	0	0	0	0	0	0	0	0	0	1	0	0	0
01/11/2016	118	0	0	0	0	0	0	0	0	0	0	1	0	0
01/12/2016	119	0	0	0	0	0	0	0	0	0	0	0	1	0
01/01/2017	120	1	0	0	0	0	0	0	0	0	0	0	0	0
01/02/2017	121	0	1	0	0	0	0	0	0	0	0	0	0	0
01/03/2017	122	0	0	1	0	0	0	0	0	0	0	0	0	0
01/04/2017	123	0	0	0	1	0	0	0	0	0	0	0	0	0
01/05/2017	124	0	0	0	0	1	0	0	0	0	0	0	0	0
01/06/2017	125	0	0	0	0	0	1	0	0	0	0	0	0	0
01/07/2017	126	0	0	0	0	0	0	1	0	0	0	0	0	0
01/08/2017	127	0	0	0	0	0	0	0	1	0	0	0	0	0
01/09/2017	128	0	0	0	0	0	0	0	0	1	0	0	0	0
01/10/2017	129	0	0	0	0	0	0	0	0	0	1	0	0	0
01/11/2017	130	0	0	0	0	0	0	0	0	0	0	1	0	0
01/12/2017	131	0	0	0	0	0	0	0	0	0	0	0	1	0
01/01/2018	132	1	0	0	0	0	0	0	0	0	0	0	0	0
01/02/2018	133	0	1	0	0	0	0	0	0	0	0	0	0	0
01/03/2018	134	0	0	1	0	0	0	0	0	0	0	0	0	0
01/04/2018	135	0	0	0	1	0	0	0	0	0	0	0	0	0
01/05/2018	136	0	0	0	0	1	0	0	0	0	0	0	0	0
01/06/2018	137	0	0	0	0	0	1	0	0	0	0	0	0	0
01/07/2018	138	0	0	0	0	0	0	1	0	0	0	0	0	0
01/08/2018	139	0	0	0	0	0	0	0	1	0	0	0	0	0
01/09/2018	140	0	0	0	0	0	0	0	0	1	0	0	0	0
01/10/2018	141	0	0	0	0	0	0	0	0	0	1	0	0	0
01/11/2018	142	0	0	0	0	0	0	0	0	0	0	1	0	0
01/12/2018	143	0	0	0	0	0	0	0	0	0	0	0	1	0
01/01/2019	144	1	0	0	0	0	0	0	0	0	0	0	0	0
01/02/2019	145	0	1	0	0	0	0	0	0	0	0	0	0	0
01/03/2019	146	0	0	1	0	0	0	0	0	0	0	0	0	0
01/04/2019	147	0	0	0	1	0	0	0	0	0	0	0	0	0
01/05/2019	148	0	0	0	0	1	0	0	0	0	0	0	0	0
01/06/2019	149	0	0	0	0	0	1	0	0	0	0	0	0	0
01/07/2019	150	0	0	0	0	0	0	1	0	0	0	0	0	0
01/08/2019	151	0	0	0	0	0	0	0	1	0	0	0	0	0
01/09/2019	152	0	0	0	0	0	0	0	0	1	0	0	0	0
01/10/2019	153	0	0	0	0	0	0	0	0	0	1	0	0	0
01/11/2019	154	0	0	0	0	0	0	0	0	0	0	1	0	0
01/12/2019	155	0	0	0	0	0	0	0	0	0	0	0	1	0
01/01/2020	156	1	0	0	0	0	0	0	0	0	0	0	0	0
01/02/2020	157	0	1	0	0	0	0	0	0	0	0	0	0	1
01/03/2020	158	0	0	1	0	0	0	0	0	0	0	0	0	1
01/04/2020	159	0	0	0	1	0	0	0	0	0	0	0	0	1
01/05/2020	160	0	0	0	0	1	0	0	0	0	0	0	0	1
01/06/2020	161	0	0	0	0	0	1	0	0	0	0	0	0	1
01/07/2020	162	0	0	0	0	0	0	1	0	0	0	0	0	1
01/08/2020	163	0	0	0	0	0	0	0	1	0	0	0	0	1
01/09/2020	164	0	0	0	0	0	0	0	0	1	0	0	0	1
01/10/2020	165	0	0	0	0	0	0	0	0	0	1	0	0	1
01/11/2020	166	0	0	0	0	0	0	0	0	0	0	1	0	1
01/12/2020	167	0	0	0	0	0	0	0	0	0	0	0	1	1
01/01/2021	168	1	0	0	0	0	0	0	0	0	0	0	0	1
01/02/2021	169	0	1	0	0	0	0	0	0	0	0	0	0	1
01/03/2021	170	0	0	1	0	0	0	0	0	0	0	0	0	1
01/04/2021	171	0	0	0	1	0	0	0	0	0	0	0	0	1
01/05/2021	172	0	0	0	0	1	0	0	0	0	0	0	0	1
01/06/2021	173	0	0	0	0	0	1	0	0	0	0	0	0	1
01/07/2021	174	0	0	0	0	0	0	1	0	0	0	0	0	0
01/08/2021	175	0	0	0	0	0	0	0	1	0	0	0	0	0
01/09/2021	176	0	0	0	0	0	0	0	0	1	0	0	0	0
01/10/2021	177	0	0	0	0	0	0	0	0	0	1	0	0	0
01/11/2021	178	0	0	0	0	0	0	0	0	0	0	1	0	0
01/12/2021	179	0	0	0	0	0	0	0	0	0	0	0	1	0
01/01/2022	180	1	0	0	0	0	0	0	0	0	0	0	0	0
01/02/2022	181	0	1	0	0	0	0	0	0	0	0	0	0	0
01/03/2022	182	0	0	1	0	0	0	0	0	0	0	0	0	0
01/04/2022	183	0	0	0	1	0	0	0	0	0	0	0	0	0
01/05/2022	184	0	0	0	0	1	0	0	0	0	0	0	0	0
01/06/2022	185	0	0	0	0	0	1	0	0	0	0	0	0	0
01/07/2022	186	0	0	0	0	0	0	1	0	0	0	0	0	0
01/08/2022	187	0	0	0	0	0	0	0	1	0	0	0	0	0
01/09/2022	188	0	0	0	0	0	0	0	0	1	0	0	0	0
01/10/2022	189	0	0	0	0	0	0	0	0	0	1	0	0	0
01/11/2022	190	0	0	0	0	0	0	0	0	0	0	1	0	0
01/12/2022	191	0	0	0	0	0	0	0	0	0	0	0	1	0
01/01/2023	192	1	0	0	0	0	0	0	0	0	0	0	0	0
01/02/2023	193	0	1	0	0	0	0	0	0	0	0	0	0	0
01/03/2023	194	0	0	1	0	0	0	0	0	0	0	0	0	0
01/04/2023	195	0	0	0	1	0	0	0	0	0	0	0	0	0
01/05/2023	196	0	0	0	0	1	0	0	0	0	0	0	0	0
01/06/2023	197	0	0	0	0	0	1	0	0	0	0	0	0	0
01/07/2023	198	0	0	0	0	0	0	1	0	0	0	0	0	0
01/08/2023	199	0	0	0	0	0	0	0	1	0	0	0	0	0
01/09/2023	200	0	0	0	0	0	0	0	0	1	0	0	0	0
01/10/2023	201	0	0	0	0	0	0	0	0	0	1	0	0	0
01/11/2023	202	0	0	0	0	0	0	0	0	0	0	1	0	0
01/12/2023	203	0	0	0	0	0	0	0	0	0	0	0	1	0
01/01/2024	204	1	0	0	0	0	0	0	0	0	0	0	0	0
01/02/2024	205	0	1	0	0	0	0	0	0	0	0	0	0	0
01/03/2024	206	0	0	1	0	0	0	0	0	0	0	0	0	0
01/04/2024	207	0	0	0	1	0	0	0	0	0	0	0	0	0
01/05/2024	208	0	0	0	0	1	0	0	0	0	0	0	0	0
01/06/2024	209	0	0	0	0	0	1	0	0	0	0	0	0	0
01/07/2024	210	0	0	0	0	0	0	1	0	0	0	0	0	0
01/08/2024	211	0	0	0	0	0	0	0	1	0	0	0	0	0
01/09/2024	212	0	0	0	0	0	0	0	0	1	0	0	0	0
01/10/2024	213	0	0	0	0	0	0	0	0	0	1	0	0	0
01/11/2024	214	0	0	0	0	0	0	0	0	0	0	1	0	0
01/12/2024	215	0	0	0	0	0	0	0	0	0	0	0	1	0
01/01/2025	216	1	0	0	0	0	0	0	0	0	0	0	0	0
01/02/2025	217	0	1	0	0	0	0	0	0	0	0	0	0	0
01/03/2025	218	0	0	1	0	0	0	0	0	0	0	0	0	0
01/04/2025	219	0	0	0	1	0	0	0	0	0	0	0	0	0
01/05/2025	220	0	0	0	0	1	0	0	0	0	0	0	0	0
01/06/2025	221	0	0	0	0	0	1	0	0	0	0	0	0	0
01/07/2025	222	0	0	0	0	0	0	1	0	0	0	0	0	0
01/08/2025	223	0	0	0	0	0	0	0	1	0	0	0	0	0
01/09/2025	224	0	0	0	0	0	0	0	0	1	0	0	0	0
01/10/2025	225	0	0	0	0	0	0	0	0	0	1	0	0	0
01/11/2025	226	0	0	0	0	0	0	0	0	0	0	1	0	0
01/12/2025	227	0	0	0	0	0	0	0	0	0	0	0	1	0
