Fechas	Cartera Mayorista Mercado	TDC Mercado	Personales Mercado	Nominales Mercado	Auto Mercado	Hipotecaria Mercado	Vista Mercado	Plazo Mercado	Originaciones Nominales	Originaciones Personales	Originaciones TDC	Originaciones PyME	Originaciones Auto	Originaciones Hipotecario	PIB	Tasa de Desempleo	Exportaciones NO Petroleras	INPC	IPC	Tipo de Cambio USD	Tipo de Cambio EURO	CETES 1m (%)	CETES 3m (%)	CETES 6m (%)	CETES 12m (%)	Bonos M 3a (%)	Bonos M 5a (%)	Bonos M 10a (%)	TIIE 1 mes (%)	Tasa de Fondos Federales USA (%)	Tasa T-bill 1m (%)	Tasa T-bill 3m (%)	Tasa T-bill 6m (%)	Tasa T-note 1a (%)	Tasa T-note 2a (%)	Tasa T-note 3a (%)	Tasa T-note 5a (%)	Tasa T-note 10a (%)	Indicador S&P500	Empleo IMSS	Salario	Indicador EMBI	CDS 5a	Tasa de Referencia BANXICO (%)
01/01/2007	620148.8573	143233.0707	51504.3784			122643.3796	633846.8269	314021.1284																																				
01/02/2007	630622.0388	147059.8018	52514.75599			124475.4756	630291.7763	342089.6643																																				
01/03/2007	623806.1186	150938.8173	56416.95218			125196.0103	632787.1623	322773.2382							14695303.61	3.941726947	54242.04063	63.33	28748	11.13	14.74172185	7.05	7.11	7.38	7.37	7.53	7.64	7.75	7.46	5.25	5.21	5.08	5.1	4.92	4.57	4.51	4.48	4.56	1420.86	13973905	115.9385754	107.14	44	6.94
01/04/2007	632600.7361	157212.4432	57964.21069			126579.4212	636527.0464	318616.5526							14739807.6	3.400876953	54652.23193	63.29	28997	10.99	14.85135135	7.28	7.36	7.27	7.35	7.41	7.49	7.56	7.47	5.25	4.99	5.01	5.07	4.93	4.67	4.6	4.59	4.69	1482.37	14043649	115.2205283	90.25	37	7.2
01/05/2007	644800.1682	162107.775	61886.98375			129780.6042	633853.1671	331452.6098							14777918.68	3.237050174	55436.1008	62.98	31399	10.83	14.63513514	7.23	7.43	7.53	7.52	7.57	7.65	7.68	7.7	5.25	4.82	4.87	4.98	4.91	4.77	4.69	4.67	4.75	1530.62	14072151	115.5552132	79.43	30.7	7.23
01/06/2007	662461.8034	165895.7444	63563.04852			132933.6336	660449.2045	338158.2925							14813298.64	3.315286087	56460.47875	63.06	31151	10.83	14.53691275	7.21	7.4	7.45	7.55	7.56	7.65	7.67	7.7	5.25	4.52	4.74	4.95	4.96	4.98	5	5.03	5.1	1503.35	14089092	115.4140957	82.76	31.6	7.18
01/07/2007	658626.3362	174365.9549	62204.1136			136268.0234	653555.0444	331193.2776							14844738.04	3.511804479	57481.78246	63.33	30660	10.8	14.81481481	7.2	7.36	7.45	7.6	7.54	7.63	7.68	7.7	5.25	4.82	4.96	5.04	4.96	4.82	4.82	4.88	5	1455.27	14156216	117.6060048	100.18	42.4	7.22
01/08/2007	672948.1222	177027.6423	63247.80739			138504.1107	647437.0671	343276.7328							14875453.92	3.715667837	58382.67243	63.58	30348	11.04	15.04087193	7.22	7.33	7.51	7.62	7.62	7.74	7.84	7.71	5.25	4.2	4.32	4.55	4.47	4.31	4.34	4.43	4.67	1473.99	14224297	117.8342438	123.43	64	7.15
01/09/2007	684589.2296	178562.4818	63952.08242			140712.4233	671347.2722	361365.12							14905508.71	3.79426641	58938.10695	64.08	30296	11.05	15.36856745	7.21	7.4	7.53	7.68	7.6	7.68	7.81	7.7	4.75	3.78	3.99	4.2	4.14	4.01	4.06	4.2	4.52	1526.75	14283377	116.5770804	111.75	56.5	7.15
01/10/2007	712375.1836	181977.1855	63107.67891			138923.0893	652268.4954	386340.012							14933706.91	3.678320811	59041.26312	64.33	31459	10.84	15.41963016	7.46	7.58	7.56	7.72	7.63	7.7	7.89	7.73	4.5	3.81	4	4.16	4.1	3.97	4.01	4.2	4.53	1549.38	14441717	115.3525793	107.78	46.2	7.33
01/11/2007	713474.9019	184576.049	65263.01566			140654.2145	648868.0798	371724.1441							14955880.19	3.488633079	58908.77258	64.78	29771	10.87	15.96182085	7.46	7.6	7.7	7.85	7.79	7.89	7.89	7.93	4.5	3.68	3.35	3.58	3.5	3.34	3.35	3.67	4.15	1481.14	14539497	116.6660673	137.41	66.8	7.43
01/12/2007	718916.077	186946.4004	64814.54851			142753.9952	735304.2368	374106.8505							14963390.57	3.410428963	58828.1253	65.05	29537	10.85	15.79330422	7.45	7.63	7.71	7.83	7.78	7.88	7.89	7.93	4.25	2.86	3.07	3.34	3.26	3.12	3.13	3.49	4.1	1468.36	14207706	116.5760807	143.55	67.2	7.58
01/01/2008	731051.7997	187283.0671	63623.50093			143395.5282	682719.5896	396134.3494							14953541.8	3.553100078	59022.90511	65.35	28794	10.92	16.05882353	7.41	7.52	7.68	7.58	7.67	7.79	7.89	7.93	3	2.74	2.82	2.84	2.71	2.48	2.51	2.98	3.74	1378.55	14315318	114.008348	168.17	96.6	7.5
01/02/2008	738562.0577	187704.0886	63632.23036			144863.9789	657331.6884	400469.9377							14939733.78	3.777115719	59485.33108	65.54	28919	10.78	15.89970501	7.45	7.51	7.52	7.56	7.34	7.44	7.54	7.93	3	2.27	2.17	2.1	2.05	1.97	2.19	2.78	3.74	1330.63	14396101	118.0463164	171.24	118	7.5
01/03/2008	748463.3785	187040.8289	65721.31908			142786.2854	673224.5764	400749.4187							14939407.13	3.873407233	60093.53898	66.02	30913	10.73	16.66149068	7.48	7.5	7.48	7.51	7.3	7.39	7.49	7.93	2.25	1.35	1.28	1.51	1.54	1.62	1.8	2.48	3.51	1322.7	14400376	117.2346945	171.3	137	7.5
01/04/2008	746378.5062	187496.3523	65768.6483			144344.2745	663406.9313	423602.1252							14964244.47	3.729060927	60864.98827	66.17	30281	10.53	16.60883281	7.48	7.55	7.61	7.81	7.5	7.56	7.63	7.94	2	1.07	1.31	1.58	1.74	2.05	2.23	2.84	3.68	1385.59	14480066	115.8988176	144.59	98.3	7.5
01/05/2008	761576.217	187898.7001	65994.78559			146459.0052	659532.9972	418990.8484							15003921.6	3.495227703	61684.18227	66.1	31975	10.45	16.25194401	7.45	7.62	7.75	7.86	7.83	7.93	8.02	7.93	2	1.76	1.76	1.86	2.06	2.45	2.69	3.15	3.88	1400.38	14443848	115.9432194	130.82	78.2	7.5
01/06/2008	773285.5709	188742.7138	65729.1112			147078.9358	681002.7274	442282.1999							15046370.68	3.380808133	62560.80936	66.37	29395	10.33	16.09034268	7.78	8.06	8.01	8.45	8.24	8.44	8.73	8	2	1.72	1.89	2.19	2.42	2.77	3.08	3.49	4.1	1280	14472908	115.4859718	138.62	91.6	7.75
01/07/2008	775222.5634	186917.5176	62713.89787			148282.0754	664510.9042	413635.8942							15076791.51	3.541281023	63322.67133	66.74	27501	10.24	16.15141956	8.07	8.32	8.45	8.72	8.53	8.82	9.06	8.28	2	1.6	1.66	1.98	2.28	2.57	2.87	3.3	4.01	1267.38	14483011	117.9754308	176.7	112.1	8
01/08/2008	785512.547	185453.594	62843.02514			150579.2641	653626.4313	408625.3188							15093297.01	3.855175247	63587.74055	67.13	26291	10.09	15.08221226	8.18	8.31	8.56	8.67	8.41	8.64	8.67	8.56	2	1.68	1.75	1.97	2.18	2.42	2.7	3.14	3.89	1282.83	14460993	118.1571033	176.57	112.9	8.25
01/09/2008	792572.6546	183076.9061	61851.57554			149997.2552	667288.399	427363.6431							15092916.7	4.11033137	62800.68595	67.58	24889	10.57	15.18678161	8.12	8.29	8.46	8.45	8.18	8.43	8.49	8.66	2	0.89	1.15	1.64	1.91	2.08	2.32	2.88	3.69	1166.36	14526347	116.8599946	220.82	143	8.25
01/10/2008	805690.6624	177489.9811	63938.38004			152131.0348	671432.8321	536411.3211							15070278.51	4.161695946	60714.47639	68.05	20445	12.47	16.53846154	7.19	7.99	8.26	8.21	8.19	8.75	9.19	8.68	1	0.29	0.69	1.23	1.42	1.61	1.86	2.73	3.81	968.75	14564570	115.5877634	409.18	340.2	8.25
01/11/2008	797426.0103	175016.7054	62494.96428			153032.0376	685798.6292	495201.873							14997823.32	4.125032461	57604.29242	68.82	20535	13.06	16.61577608	7.94	8.23	8.28	8.45	8.3	9.1	9.3	8.73	1	0.09	0.19	0.74	1.07	1.21	1.51	2.29	3.53	896.24	14505253	116.1194428	423	340.7	8.25
01/12/2008	780999.664	166485.1478	60313.17678			153535.032	757738.1818	474697.5283							14850470.91	4.173175093	54250.72169	69.3	22380	13.37	18.06756757	7.95	8.12	8.18	7.92	7.64	8.12	8.28	8.74	0.25	0.03	0.03	0.26	0.49	0.82	1.07	1.52	2.42	903.25	14178117	115.8658356	409.32	337.7	8.25
01/01/2009	790074.7738	161353.6558	59682.41979			154521.9508	692369.9954	448239.6277							14604847.04	4.425721635	50981.83215	69.46	19565	13.85	18.39309429	7.33	7.31	7.4	6.85	7.06	7.37	7.59	8.41	0.25	0.05	0.13	0.3	0.44	0.81	1.13	1.6	2.52	825.88	14073102	113.5216739	372.48	321.7	7.75
01/02/2009	792840.0061	157141.5505	59475.58663			155509.7914	691288.1972	424784.948							14320119.9	4.757916971	48258.25976	69.61	17752	14.52	18.5915493	7.29	7.53	7.17	7.59	7.22	7.78	8.22	7.94	0.25	0.22	0.3	0.46	0.62	0.98	1.37	1.87	2.87	735.09	14026501	118.009536	392.2	412	7.5
01/03/2009	767975.4988	152112.6295	60066.29842			155792.7377	701447.0297	455112.2004							14090278.09	4.970697693	46514.20211	70.01	19627	14.74	19.24281984	6.36	6.34	7.24	6.24	7.09	7.82	8.29	7.64	0.25	0.1	0.22	0.43	0.64	0.93	1.31	1.82	2.82	797.87	14039826	115.7642118	385.18	421.6	6.75
01/04/2009	761398.1716	150196.578	57499.29989			156030.7973	691680.7914	442115.2228							13921388.92	5.004083582	45556.56597	70.25	21899	13.49	17.82034346	5.76	5.68	5.97	5.59	6.12	6.95	7.7	6.68	0.25	0.1	0.16	0.35	0.55	0.93	1.32	1.86	2.93	872.81	13979608	114.6283375	321.95	301.3	6
01/05/2009	753179.0678	144131.35	56555.00896		30424.33444	157859.7803	694291.3082	433945.1285							13853816.37	4.97433993	45441.53352	70.05	24332	13.22	18.06010929	5.06	5.12	5.25	5.15	5.92	6.81	7.74	5.78	0.25	0.14	0.18	0.3	0.5	0.93	1.39	2.13	3.29	919.14	13868132	114.9161324	258.48	245.1	5.25
01/06/2009	762884.044	141159.8766	56481.455		29883.30249	158736.2388	709169.5576	412525.4664							13883402.16	5.087568747	45907.11834	70.18	24368	13.34	18.68347339	4.73	4.84	5.08	5.17	6.13	7.17	8.16	5.26	0.25	0.1	0.18	0.31	0.51	1.18	1.76	2.71	3.72	919.32	13871175	114.6349861	235.55	218.6	4.75
01/07/2009	773660.8733	138277.8462	57208.66976		29265.40931	159645.2646	696155.6992	388114.6279							14000338.24	5.458433052	46734.3418	70.37	27044	13.36	18.81690141	4.55	4.84	4.8	5.06	6.01	6.85	8.07	4.92	0.25	0.15	0.18	0.28	0.48	1.02	1.55	2.46	3.56	987.48	13887498	116.7458971	231.65	202.2	4.5
01/08/2009	771195.7409	136277.457	57408.92657		29154.05984	159960.8615	692658.5698	369732.789							14168812.79	5.907408062	48015.05455	70.54	28130	13	18.54493581	4.55	4.57	4.78	5.16	6.52	7.18	8.16	4.89	0.25	0.12	0.17	0.27	0.46	1.12	1.65	2.57	3.59	1020.62	13918843	117.1080071	206.76	160.7	4.5
01/09/2009	804272.5274	133452.9473	57247.13366		28672.23047	162052.6338	697285.7388	393256.9066							14332155.71	6.129018017	49827.08574	70.89	29232	13.4	19.50509461	4.53	4.66	4.86	5.34	6.53	7.42	8.04	4.91	0.25	0.06	0.12	0.21	0.4	0.96	1.48	2.37	3.4	1057.08	13992494	116.1283895	207.36	159.6	4.5
01/10/2009	810859.2491	130740.123	58177.90212		28417.89937	163129.7081	712445.7393	364450.3805							14445482.66	5.937509238	52087.02615	71.11	28646	13.26	19.64444444	4.51	4.62	4.92	5.37	6.52	7.36	7.92	4.91	0.25	0.04	0.07	0.16	0.37	0.95	1.46	2.33	3.39	1036.19	14073749	114.6443449	191	153.9	4.5
01/11/2009	821484.8338	129797.6875	58404.32016		28111.74577	162390.4677	735455.528	333518.222							14523088.26	5.514588852	54544.49888	71.48	30957	13.13	19.59701493	4.49	4.62	4.82	5.03	6.39	7.26	7.92	4.93	0.25	0.05	0.05	0.15	0.31	0.8	1.32	2.23	3.4	1095.63	14192197	115.5207052	180.38	148	4.5
01/12/2009	847353.2454	122711.1001	57957.43656		27788.50129	165930.7044	787486.4907	397749.7116							14578170.98	5.16940897	56558.60189	71.77	32120	12.85	18.70451237	4.5	4.62	4.85	5.07	6.48	7.31	7.93	4.93	0.25	0.03	0.05	0.17	0.37	0.87	1.38	2.34	3.59	1115.1	14006404	115.2055977	172.27	137.6	4.5
01/01/2010	837899.4279	119103.6051	57951.04758		27371.07051	166449.3361	731208.503	345715.7568							14630442.96	5.091262552	57920.95924	72.55	30392	12.81	18.27389444	4.5	4.61	4.83	4.96	6.23	7.05	7.88	4.91	0.25	0.02	0.06	0.15	0.35	0.93	1.49	2.48	3.73	1073.87	14076279	112.3764484	167.84	132.9	4.5
01/02/2010	831901.5985	116736.1366	58175.89701		27026.83951	166730.9363	719937.7246	353929.1207							14682477.01	5.186067979	58844.14243	72.97	31635	12.96	17.72913817	4.49	4.66	4.74	5.09	5.96	6.83	7.66	4.92	0.25	0.06	0.11	0.18	0.35	0.86	1.4	2.36	3.69	1104.49	14204647	115.9377817	174.95	138.9	4.5
01/03/2010	830245.3867	113261.4386	58958.05075		26665.73844	166870.5264	726941.4708	379132.005							14730657.97	5.26197596	59674.67335	73.49	33266	12.61	17.10990502	4.48	4.64	4.77	5.02	6.06	6.79	7.69	4.92	0.25	0.12	0.15	0.23	0.4	0.96	1.51	2.43	3.73	1169.43	14341056	113.6328316	138.13	112.7	4.5
01/04/2010	828137.7057	112600.0741	60163.83545		26425.03121	168802.6203	717294.8565	377912.573							14786114.61	5.21413637	60882.7489	73.26	32687	12.24	16.4295302	4.43	4.61	4.72	4.93	5.86	6.7	7.52	4.94	0.25	0.15	0.16	0.24	0.45	1.06	1.64	2.58	3.85	1186.69	14408942	113.1282005	132.38	108.9	4.5
01/05/2010	852882.7629	112510.969	61480.74832		26250.41954	171442.1219	739999.8426	370618.4762							14840015.05	5.11461452	62182.90475	72.79	32039	12.68	15.88972431	4.53	4.63	4.72	4.91	5.62	6.5	7.47	4.94	0.25	0.15	0.16	0.22	0.37	0.83	1.32	2.18	3.42	1089.41	14433952	114.2443031	182.95	134.6	4.5
01/06/2010	855267.9827	111272.7833	63411.94482		29394.67174	173183.6867	759672.81	390615.697							14893304.84	5.0881539	63387.00497	72.77	31157	12.72	15.53113553	4.61	4.64	4.72	4.76	5.42	6.17	6.99	4.94	0.25	0.08	0.12	0.19	0.32	0.72	1.17	2	3.2	1030.71	14480255	114.0707516	176.91	133.8	4.5
01/07/2010	855022.4341	110295.8471	64649.04678		28934.94387	175208.38	758112.0325	404486.7207							14940596.53	5.219873128	64221.05418	72.93	32309	12.83	16.42765685	4.6	4.65	4.7	4.78	5.3	5.95	6.7	4.92	0.25	0.16	0.16	0.2	0.29	0.62	0.98	1.76	3.01	1101.6	14518395	117.0576924	169.36	126.1	4.5
01/08/2010	862255.9177	110528.6864	65889.79128		28673.93446	175240.4755	763514.2004	411134.7551							14985519.59	5.423798118	64822.26773	73.13	31680	12.73	16.40463918	4.48	4.64	4.71	4.76	5.18	5.63	6.29	4.9	0.25	0.15	0.16	0.19	0.26	0.52	0.78	1.47	2.7	1049.33	14593979	117.6486914	142.91	120.4	4.5
01/09/2010	864790.9891	110022.194	66658.98292		28378.59449	175381.3386	798780.1931	405802.3701							15027573.66	5.552851007	65316.37386	73.52	33330	12.86	16.83246073	4.4	4.58	4.65	4.69	5.18	5.61	6.23	4.9	0.25	0.12	0.15	0.19	0.26	0.48	0.74	1.41	2.65	1141.2	14701487	116.1545949	159.64	132.2	4.5
01/10/2010	867827.4701	109466.9511	68148.57714		28170.00236	175837.4927	776646.4157	406343.7331							15066778.71	5.508198198	65843.70903	73.97	35568	12.45	17.29166667	4.01	4.28	4.55	4.48	5.1	5.55	6.09	4.87	0.25	0.14	0.13	0.18	0.23	0.38	0.57	1.18	2.54	1183.26	14829981	114.9443174	146.62	108	4.5
01/11/2010	868427.0934	110307.7699	68493.05101		28056.18687	178318.317	797766.1265	382357.6083							15107688.4	5.351835789	66599.48911	74.56	36817	12.33	16.79836512	4.24	4.49	4.37	4.58	5.04	5.62	6.4	4.87	0.25	0.13	0.14	0.18	0.25	0.45	0.67	1.35	2.76	1180.55	14965625	115.3653344	141.27	112.5	4.5
01/12/2010	878115.2577	108172.9842	68789.40455		28254.63096	176049.1777	883964.343	332720.4559							15149682.15	5.1968782	67689.11725	74.93	38551	12.4	16.4021164	4.42	4.58	4.68	4.73	5.44	6.21	6.98	4.89	0.25	0.09	0.14	0.19	0.29	0.62	0.99	1.93	3.29	1257.64	14738783	115.121105	139.3	115.4	4.5
01/01/2011	876887.6313	106546.6226	69568.26458		28651.39363	176829.2738	813551.1354	377029.8092	1287.650082	614.5077689	11534.45519	272.0534065	1358.369821	1077.696902	15195836.28	5.115546166	69241.02002	75.3	36982	12.15	16.24331551	4.04	4.28	4.55	4.71	5.68	6.39	7.15	4.86	0.25	0.14	0.15	0.18	0.27	0.61	1.03	1.99	3.39	1286.12	14787440	113.2961141	127.9	111.9	4.5
01/02/2011	896634.9671	105379.4712	36266.42016	35445.23746	28687.86601	177457.2887	809180.7806	383119.2359	1381.303678	557.4576766	10579.94477	458.7712583	1080.139286	1291.382443	15237808.7	5.098705814	70864.93853	75.58	37020	12.07	16.48907104	4.18	4.25	4.58	4.7	5.88	6.59	7.44	4.84	0.25	0.11	0.13	0.17	0.29	0.77	1.28	2.26	3.58	1327.22	14893818	116.7845703	130.8	116.8	4.5
01/03/2011	906325.9293	104967.7552	38277.17724	37129.83197	28671.06585	179716.0562	837844.0404	384048.3596	1737.427776	767.2843133	12191.64821	625.1931059	1221.071508	1507.190298	15264783.18	5.105744993	72005.87392	75.72	37441	12.02	16.85834502	4.3	4.41	4.57	4.86	6.14	6.79	7.52	4.84	0.25	0.06	0.1	0.16	0.26	0.7	1.17	2.11	3.41	1325.83	15003502	116.0217668	131.7	109.2	4.5
01/04/2011	933407.3112	106532.5736	39935.03277	39269.70637	28720.53722	181662.6686	817229.9777	386160.5218	1567.843053	807.8578077	11720.69688	528.9954729	1042.749211	1295.065494	15280044.41	5.114131671	72624.32095	75.72	36963	11.76	17.01881331	4.24	4.43	4.61	4.78	5.77	6.36	7.26	4.85	0.25	0.03	0.06	0.12	0.25	0.73	1.21	2.17	3.46	1363.61	15022588	115.4139614	133	100.3	4.5
01/05/2011	924057.9921	107683.1012	42055.8234	41149.21689	27640.3036	200142.2885	820641.6324	382614.7313	1629.581825	688.4490607	13418.88826	652.4148854	1168.654334	1620.077846	15298357.07	5.145543722	72828.67102	75.16	35833	11.65	16.69054441	4.43	4.43	4.6	4.71	5.52	6.07	6.91	4.85	0.25	0.02	0.04	0.09	0.19	0.56	0.94	1.84	3.17	1345.2	15050810	115.7093828	136.4	100	4.5
01/06/2011	921152.1337	108954.6084	43311.11321	43053.48341	27905.22087	202436.6528	883042.8044	348445.2906	1859.819476	682.5294066	12592.46422	856.6187188	1174.877684	1699.500067	15345245.99	5.237395587	73027.25931	75.16	36558	11.79	16.98847262	4.33	4.35	4.52	4.75	5.38	5.99	6.99	4.85	0.25	0.02	0.04	0.1	0.18	0.41	0.71	1.58	3	1320.64	15090360	115.4830598	141	108.8	4.5
01/07/2011	929780.0674	110559.199	42495.36218	45035.72508	27755.52993	202812.1681	853759.82	335417.3135	1720.908302	609.7385275	12676.64315	640.0983625	974.8799291	1568.820064	15432095.76	5.3940392	73473.55095	75.52	35999	11.68	16.68571429	4.15	4.22	4.49	4.61	5.02	5.62	6.6	4.82	0.25	0.04	0.04	0.08	0.19	0.41	0.68	1.54	3	1292.28	15131332	117.9871395	134.9	111.2	4.5
01/08/2011	938248.9435	112342.4959	43958.92598	46690.9682	27771.37233	203847.2587	856872.8796	334601.2845	2111.761542	700.4934611	14358.73883	675.7072886	1212.388741	1844.465594	15541716.17	5.535578443	73996.32965	75.64	35721	12.17	17.43553009	4.11	4.31	4.42	4.4	4.67	5.03	6.09	4.81	0.25	0.02	0.02	0.06	0.11	0.23	0.38	1.02	2.3	1218.89	15202180	118.3974155	163.7	143.2	4.5
01/09/2011	964577.0508	114148.4511	45284.69175	48020.45695	29404.87874	205888.7238	933884.9169	327884.5625	2386.741781	1091.578131	12941.12932	771.9176172	1085.862029	1744.573301	15638251.03	5.538249007	74252.36675	75.82	33503	12.93	17.78541953	4.34	4.32	4.37	4.53	4.83	5.41	6.59	4.78	0.25	0.01	0.01	0.04	0.1	0.21	0.35	0.9	1.98	1131.42	15315651	117.564167	208.2	170.8	4.5
01/10/2011	952013.8435	115323.1062	45888.74525	49032.29092	29210.06681	206515.6755	888548.5993	299847.8068	2131.104729	899.5685995	13500.6188	859.5257592	1035.607668	1825.984066	15695482.18	5.339489248	74068.99048	76.33	36160	13.48	18.49108368	4.37	4.33	4.43	4.36	4.64	5.04	6.2	4.79	0.25	0.01	0.02	0.05	0.11	0.28	0.47	1.06	2.15	1253.3	15445527	116.130481	201.1	163.6	4.5
01/11/2011	963156.4548	118931.4997	48140.99695	50099.7136	29243.35584	207290.3866	903860.6118	297333.7766	1764.012781	725.5957491	15245.18421	720.3709533	1239.134915	1813.176385	15726998.63	5.041655965	73838.39321	77.16	36829	13.64	18.48238482	4.39	4.38	4.43	4.36	4.64	5.19	6.24	4.8	0.25	0.01	0.01	0.05	0.11	0.25	0.39	0.91	2.01	1246.96	15550167	116.6386214	187.2	160.8	4.5
01/12/2011	983757.6751	117013.1795	49268.41163	50777.81557	29758.08159	207916.6175	983882.7446	292770.004	1675.710873	829.3615899	15315.95921	729.2682663	1801.020703	2087.801886	15748533.06	4.820494397	74106.64874	77.79	37078	13.75	18.06833114	4.36	4.46	4.52	4.63	5.02	5.61	6.49	4.8	0.25	0.01	0.01	0.05	0.12	0.26	0.39	0.89	1.98	1257.6	15350335	115.8922347	180.6	150.8	4.5
01/01/2012	965842.7728	115818.0587	49783.96595	51178.53122	29964.12165	208374.0457	911646.958	311114.4048	1770.846716	847.5908445	13575.17971	541.7079016	1448.870183	1238.760666	15776653.96	4.776019697	75255.74137	78.34	37423	13.5	17.41935484	4.24	4.43	4.55	4.6	4.7	5.05	5.92	4.79	0.25	0.02	0.03	0.07	0.12	0.24	0.36	0.84	1.97	1312.41	15427859	113.1291605	190.7	148.4	4.5
01/02/2012	962605.9728	116005.3114	51368.03134	52547.20233	30308.51712	209161.0938	889253.265	319696.3421	1960.267205	644.3301276	12069.51526	754.9338403	848.5301006	1613.240149	15812524.54	4.841796506	76904.01125	78.5	37817	12.8	16.93121693	4.31	4.41	4.48	4.56	4.85	5.29	6.23	4.78	0.25	0.06	0.09	0.12	0.16	0.28	0.38	0.83	1.97	1365.68	15563594	117.2445917	177.2	134.5	4.5
01/03/2012	983058.7126	117100.5784	53643.45004	54391.62629	30661.08666	212569.1688	929572.7842	317703.066	2483.092298	449.2832591	12929.00325	810.2848448	893.5974453	1690.494772	15851773.81	4.892780153	78388.63163	78.55	39521	12.76	16.85601057	4.32	4.42	4.51	4.56	4.77	5.28	6.22	4.77	0.25	0.06	0.08	0.14	0.19	0.34	0.51	1.02	2.17	1408.47	15695679	116.3328775	159.8	118.1	4.5
01/04/2012	985693.8159	120982.2204	55755.24161	55421.83635	30933.32426	213677.2702	920706.4716	330031.1549	2025.646307	494.4856654	13604.32185	643.2949604	981.9081812	1308.251496	15897801.16	4.854502911	79471.23972	78.3	39461	13.05	17.17105263	4.33	4.32	4.4	4.59	4.88	5.35	6.07	4.74	0.25	0.07	0.08	0.14	0.18	0.29	0.43	0.89	2.05	1397.91	15706159	116.0267271	160.1	123	4.5
01/05/2012	1012892.242	122140.9345	58155.80199	56802.74813	31167.20624	216981.4567	934170.8545	347118.4051	1971.76217	530.9101935	14184.38698	684.5125819	1273.602952	1696.684836	15942172.2	4.781619582	79965.33338	78.05	37873	13.56	17.34015345	4.37	4.46	4.48	4.6	4.81	5.21	5.97	4.76	0.25	0.07	0.09	0.15	0.19	0.29	0.39	0.76	1.8	1310.33	15731556	116.083606	180.6	133.2	4.5
01/06/2012	1018619.399	123465.3921	60228.01468	58158.99944	31385.25488	218683.243	978014.5565	295177.3224	1896.581877	559.2830901	13249.76789	718.6122135	1060.504675	1632.296524	15982886.89	4.761003003	79935.33655	78.41	40200	13.98	17.54077792	4.37	4.38	4.53	4.59	4.69	4.93	5.44	4.76	0.25	0.05	0.09	0.15	0.19	0.29	0.39	0.71	1.62	1362.16	15806830	115.2751801	189.2	146.3	4.5
01/07/2012	1011379.701	124772.6658	62264.32674	58506.50872	31515.83548	219450.5703	941623.1646	304474.4134	2055.803993	545.6804692	15478.71441	716.5101459	927.5229252	1769.88525	16014481.01	4.851797306	79473.60648	78.85	40704	13.39	16.44963145	4.37	4.38	4.51	4.56	4.67	4.87	5.2	4.78	0.25	0.07	0.1	0.15	0.19	0.25	0.33	0.62	1.53	1379.32	15849227	117.935263	157.5	123.8	4.5
01/08/2012	1013657.913	126538.9464	65440.56234	59468.64236	31810.91863	220787.7757	949787.7005	337709.9971	2019.206218	720.4554926	14697.1891	703.2660685	1159.549434	1763.288285	16044294.38	4.991619781	78902.76644	79.09	39422	13.18	16.35235732	4.37	4.26	4.51	4.58	4.81	5	5.42	4.79	0.25	0.09	0.1	0.14	0.18	0.27	0.37	0.71	1.68	1406.58	15920256	118.361495	134.2	110.9	4.5
01/09/2012	1017703.436	128102.0137	67274.38342	60483.76843	32036.77977	222932.3077	957044.5521	312475.2817	1391.536338	598.7215735	13377.35631	627.4462862	1098.516582	1636.76331	16078687.13	5.07500385	78663.47633	79.44	40867	12.99	16.71814672	4.24	4.3	4.51	4.53	4.7	4.99	5.32	4.8	0.25	0.08	0.11	0.14	0.18	0.26	0.34	0.67	1.72	1440.67	16033095	116.8065252	135.2	98.6	4.5
01/10/2012	1018203.171	129364.3619	69090.42108	60583.27684	32531.7198	223159.9126	944225.6313	342353.1848	1369.611513	833.4387107	15494.42035	558.5639252	1046.030256	1846.556645	16121182.39	5.033160316	79021.44696	79.84	41620	12.87	16.692607	4.24	4.3	4.53	4.53	5.02	5.11	5.48	4.82	0.25	0.11	0.1	0.15	0.18	0.28	0.37	0.71	1.75	1412.16	16182408	115.7572842	122.3	103	4.5
01/11/2012	1031874.678	134654.7622	73148.6401	60383.68884	32559.98196	224608.0114	963439.9009	331345.0661	1176.544904	709.6068465	16312.15043	571.8470708	1191.976964	1637.065867	16169933.1	4.919053849	79712.83757	80.38	41834	13.09	16.80359435	4.26	4.3	4.64	4.6	4.91	5.1	5.47	4.84	0.25	0.12	0.09	0.14	0.18	0.27	0.36	0.67	1.65	1416.18	16294936	116.3798319	137.3	101.1	4.5
01/12/2012	1056178.346	134806.7792	70935.05701	61283.09567	32792.81774	227482.0058	1023784.492	321419.1363	736.9165521	428.0597324	16027.74253	511.6078111	1533.083168	1748.922639	16214936.9	4.824523593	80277.68712	80.57	43706	12.87	16.88976378	3.92	4.22	4.47	4.53	4.89	5.13	5.36	4.84	0.25	0.04	0.07	0.12	0.16	0.26	0.35	0.7	1.72	1426.19	16062043	116.3553137	130.3	94.6	4.5
01/01/2013	1047453.486	134061.3423	71472.74756	61439.7578	33025.76594	229699.5205	963546.3047	338274.0283	1142.23006	414.0395302	14258.92585	402.3806354	1363.028643	1218.778286	16251599.24	4.807654873	80450.56325	80.89	45278	12.72	16.91489362	4.26	4.3	4.44	4.6	4.53	4.66	5.11	4.84	0.25	0.05	0.07	0.11	0.15	0.27	0.39	0.81	1.91	1498.11	16106212	114.2203966	123.3	94.7	4.5
01/02/2013	1047258.85	133346.4422	71857.17568	62037.82442	33109.48605	229904.951	941111.6244	313897.0308	1370.041621	499.031262	12590.82627	519.2875909	1002.972332	1369.417545	16268828.71	4.84368772	80416.86762	81.29	44121	12.71	16.94666667	4.2	4.21	4.25	4.27	4.44	4.63	5.06	4.82	0.25	0.08	0.1	0.12	0.16	0.27	0.4	0.85	1.98	1514.68	16227085	118.0803046	140.7	103.2	4.5
01/03/2013	1040660.601	133642.1512	72999.71199	63208.16884	33033.78743	231695.6593	961177.4923	308274.9854	1200.111585	430.8417055	12814.72421	660.0672782	1010.34412	1437.970798	16259413.67	4.878019933	80490.97763	81.89	44077	12.57	16.28238342	4.19	4.21	4.09	4.26	4.33	4.59	4.94	4.48	0.25	0.08	0.09	0.11	0.15	0.26	0.39	0.82	1.96	1569.19	16281079	116.3775075	147.3	95.5	4
01/04/2013	1039174.538	134587.9932	73989.52016	64071.32596	33059.91968	233337.3586	936460.2583	296885.3129	1604.040507	598.0087318	15455.07325	652.2839185	1151.382168	1521.88124	16219369.08	4.886651361	80913.8461	81.94	42263	12.22	15.91145833	3.7	3.7	3.97	3.8	3.96	4.11	4.48	4.33	0.25	0.05	0.06	0.09	0.12	0.23	0.34	0.71	1.76	1597.57	16347973	115.4669568	140.9	89.6	4
01/05/2013	1055266.433	136367.3964	75495.60618	65374.67922	33293.21414	237850.9063	948835.2985	288559.1479	1534.494097	595.2519492	14432.98485	665.1518319	1277.21377	1721.235621	16175369.46	4.896852607	81567.31351	81.67	41588	12.25	15.88845655	3.79	3.84	3.8	4.03	4.4	4.62	5.47	4.32	0.25	0.02	0.04	0.08	0.12	0.25	0.4	0.84	1.93	1630.74	16354902	115.2128519	141	84.9	4
01/06/2013	1061048.354	139157.2096	76408.76832	67068.35245	33569.67528	240693.9943	986237.45	293156.7902	1339.952983	619.5392582	13406.21704	680.3652944	1124.793576	1578.525223	16156806	4.957505427	82315.5101	81.62	40623	12.94	17.07124011	3.91	3.86	3.91	4.02	4.48	5.15	5.9	4.3	0.25	0.03	0.05	0.09	0.14	0.33	0.58	1.2	2.3	1606.28	16357421	115.2352814	181	128	4
01/07/2013	1055731.849	141148.0725	77085.29129	68375.15829	33778.78017	244145.6349	979692.3837	281760.011	2754.926058	1663.408845	16497.5368	888.4559446	1194.847382	1736.51637	16186406.71	5.086201382	82956.11722	81.59	40838	12.79	16.7408377	3.85	3.87	3.98	4	4.36	4.97	6.04	4.32	0.25	0.02	0.04	0.07	0.12	0.34	0.64	1.4	2.58	1685.73	16362732	118.0457773	171.8	124.9	4
01/08/2013	1068124.287	142937.5263	77748.77091	70002.47389	34073.8051	246926.9799	996196.0896	288355.2454	2386.4132	1249.895409	14649.70738	862.0743954	1320.00227	1573.588373	16248212.44	5.208169518	83446.98366	81.82	39484	12.87	17.13715047	3.82	3.87	3.95	4	4.67	5.33	6.38	4.31	0.25	0.04	0.04	0.07	0.13	0.36	0.7	1.52	2.74	1632.97	16414905	118.5618755	177	122.6	4
01/09/2013	1068888.866	143607.9269	78467.37976	70092.95091	34092.35503	249036.8857	1013180.173	295270.7064	1934.919335	842.3856467	13979.01092	786.7243232	1089.031179	1574.308429	16312967.31	5.206595017	83697.56338	82.13	40185	13.09	17.47663551	3.54	3.54	3.75	3.65	4.11	4.63	6.07	4.1	0.25	0.02	0.02	0.04	0.12	0.4	0.78	1.6	2.81	1681.55	16508845	117.382369	173.7	115.8	3.75
01/10/2013	1081049.86	144327.8781	78666.7882	70729.25653	34134.43254	248979.0636	1002895.067	291643.2855	2203.499188	980.059211	14389.94709	1092.184254	1170.219388	2038.112698	16356951.49	5.022676454	83683.00732	82.52	41039	13.02	17.76261937	3.37	3.4	3.55	3.6	4.19	4.82	6.04	3.98	0.25	0.11	0.05	0.08	0.12	0.34	0.63	1.37	2.62	1756.54	16652436	116.1125115	169.3	109.6	3.5
01/11/2013	1083698.586	149061.4771	78459.50413	70781.36373	33970.14213	251471.3945	1046747.169	275804.344	2029.688673	1056.076509	15537.34712	1201.995161	1034.834555	1725.562128	16386358.87	4.758974957	83523.62122	83.29	42499	13.06	17.62483131	3.39	3.49	3.56	3.62	3.98	4.73	6.22	3.79	0.25	0.05	0.07	0.1	0.12	0.3	0.58	1.37	2.72	1805.81	16772971	116.608763	179.5	105.9	3.5
01/12/2013	1083311.618	145307.9009	76828.2952	69486.83744	34207.25577	260375.7608	1103806.866	243369.7024	1544.987547	722.6252208	16776.26772	919.5198022	1301.776388	2080.995178	16408659.99	4.586985587	83382.68143	83.77	42727	13.01	17.82191781	3.16	3.43	3.51	3.65	4.09	5.35	6.43	3.79	0.25	0.02	0.07	0.1	0.13	0.34	0.69	1.58	2.9	1848.36	16525061	116.3456956	166.9	93.4	3.5
01/01/2014	1063646.08	142612.089	75388.08122	68445.18839	34344.4655	260723.1812	1041305.471	242274.8257	1955.395327	947.7004566	13233.82965	1028.768842	915.325982	1271.099979	16434710.05	4.606248131	83407.03585	84.52	40880	13.36	18.20163488	3.24	3.43	3.55	3.73	5.01	5.25	6.63	3.78	0.25	0.02	0.04	0.07	0.12	0.39	0.78	1.65	2.86	1782.59	16547040	113.7087979	172	102.7	3.5
01/02/2014	1060614.882	141230.0479	75440.65159	69157.1021	34558.9912	261554.318	1026476.882	240573.2662	2661.232629	1304.8963	11755.29613	1242.418586	767.575121	1637.060268	16471678.78	4.738682488	83748.74598	84.73	38783	13.25	18.1010929	3.18	3.3	3.52	3.65	4.8	5.07	6.34	3.79	0.25	0.05	0.05	0.08	0.12	0.33	0.69	1.52	2.71	1859.45	16672599	117.9763257	171.7	95	3.5
01/03/2014	1061928.451	140953.6435	78663.27244	69792.3537	34398.08244	266552.3031	1056915.753	285086.7838	2654.465887	1079.752358	13263.03263	1161.04037	786.1739437	1644.046209	16520732.37	4.842063153	84448.85618	84.97	40462	13.06	18.06362379	3.28	3.32	3.46	3.62	4.72	4.96	6.19	3.8	0.25	0.05	0.05	0.08	0.13	0.4	0.82	1.64	2.72	1872.34	16781325	116.8426635	155.1	87	3.5
01/04/2014	1059995.534	142272.4769	78954.35428	70857.12477	34402.54629	268075.0077	1070627.305	270918.4381	2289.630364	914.6622188	13333.97149	909.4575143	751.2465511	1477.228629	16594341.72	4.853775273	85699.34422	84.81	40712	13.08	18.06629834	3.24	3.4	3.49	3.61	4.74	4.96	6.22	3.81	0.25	0.02	0.03	0.05	0.11	0.42	0.88	1.7	2.71	1883.95	16837367	116.5285391	148	85.9	3.5
01/05/2014	1090061.425	143378.9173	79811.35279	72418.50649	34455.31164	273366.4234	1067063.933	252244.3202	2158.190046	994.2660331	12998.69559	855.6218095	862.0687242	1802.226787	16668552.33	4.82820625	87099.08982	84.54	41363	12.86	17.66483516	3.31	3.41	3.51	3.59	4.51	4.73	5.84	3.8	0.25	0.03	0.03	0.05	0.1	0.39	0.83	1.59	2.56	1923.57	16885220	116.2592329	142.5	78.5	3.5
01/06/2014	1090193.259	143856.3349	79852.46071	73006.7407	34290.97957	274369.9267	1093828.587	247811.9225	3474.679591	1432.576921	13518.32665	1163.585413	799.2853094	1781.0578	16726511.72	4.869706577	88357.88343	84.68	42737	12.97	17.6462585	2.86	2.84	3.17	3.05	4.1	4.42	5.69	3.43	0.25	0.02	0.04	0.06	0.1	0.45	0.9	1.68	2.6	1960.23	16928515	116.0053315	133.8	68.7	3
01/07/2014	1091336.74	144071.2129	79909.17334	74688.76509	34067.14119	272890.4061	1106622.506	238801.6389	2884.119689	1174.214083	14075.10931	1067.280179	977.6227064	1984.636439	16751096.29	5.035361857	89125.57389	84.91	43818	13.22	17.88903924	2.79	2.91	2.99	3.01	4.25	4.58	5.83	3.3	0.25	0.02	0.03	0.06	0.11	0.51	0.97	1.7	2.54	1930.67	16965972	118.8973444	141.8	73.3	3
01/08/2014	1088436.138	146218.6056	79811.84028	76252.60379	34040.98532	274729.8602	1108964.13	224181.6035	2344.616875	1145.348345	13366.4222	1183.935931	946.9588414	1887.937808	16762104.63	5.219295859	89594.10558	85.22	45628	13.08	17.41677763	2.74	2.85	2.97	3	4.5	4.61	5.71	3.3	0.25	0.03	0.03	0.05	0.11	0.47	0.93	1.63	2.42	2003.37	17023661	119.1218671	148	74.5	3
01/09/2014	1088988.909	145988.2626	79413.54868	73855.97265	33950.77145	276609.4536	1119605.185	213941.1072	2781.559974	1018.300424	13470.525	1796.364486	929.3756706	1842.746028	16785330.45	5.250532367	89985.74377	85.6	44986	13.43	17.30670103	2.85	2.92	2.97	3.08	4.93	5.03	6.09	3.29	0.25	0.01	0.02	0.04	0.11	0.57	1.05	1.77	2.53	1972.29	17180093	117.7532133	168.5	78	3
01/10/2014	1096974.583	145862.1721	78843.61192	74359.93976	33727.62921	277499.2335	1144800.665	206756.3344	2727.425351	965.7648426	13487.02684	1540.537702	1090.262255	2086.022772	16837277.74	5.030835842	90457.40654	86.07	45028	13.48	17.08491762	2.96	2.96	3.04	3.15	4.65	4.74	5.88	3.29	0.25	0.02	0.02	0.05	0.1	0.45	0.88	1.55	2.3	2018.05	17352227	116.2712334	165.9	84.6	3
01/11/2014	1127049.63	149999.1229	77571.83874	74920.99403	33707.22724	279132.3474	1167651.799	195622.1668	2000.427386	832.4218534	14226.51527	994.5116033	1274.276966	1882.755187	16906568.69	4.666640524	90888.12159	86.76	44190	13.93	17.36907731	2.99	3.02	3.01	3.2	4.45	4.93	5.76	3.29	0.25	0.04	0.02	0.07	0.13	0.53	0.96	1.62	2.33	2067.56	17475077	117.3563769	168	84	3
01/12/2014	1153047.841	145502.1924	75447.3581	74848.6947	33926.92021	280509.968	1198963.826	233913.7931	2106.624378	874.1739902	16168.98379	1064.425797	1448.674834	2081.813768	16966366.85	4.3535289	91024.7919	87.19	43146	14.75	18.14268143	2.64	2.95	3.02	3.27	4.79	5.21	5.83	3.3	0.25	0.03	0.03	0.11	0.21	0.64	1.06	1.64	2.21	2058.9	17239587	116.9610856	187.5	98.2	3
01/01/2015	1163628.235	144605.8961	75381.15423	75800.67796	34466.32007	284104.8952	1169225.684	225524.9245	2112.436477	736.7053916	12949.30974	1099.727938	1105.19775	1646.266808	17004409.48	4.205541398	90727.41648	87.11	40951	14.98	17.41860465	2.81	2.91	3.01	3.17	4.26	4.63	5.23	3.3	0.25	0.02	0.03	0.08	0.2	0.55	0.9	1.37	1.88	1994.99	17299371	115.1063832	207.8	112.3	3
01/02/2015	1156017.605	142942.4224	75325.43185	76910.50312	34686.79408	284832.2127	1173536.093	256146.4318	2118.020031	859.7247174	12087.7727	1097.063034	1026.000403	1763.577876	17030030.13	4.195143176	90174.92572	87.28	44190	14.95	16.96935301	2.96	3	3.09	3.4	4.65	5.06	5.62	3.3	0.25	0.02	0.02	0.07	0.22	0.62	0.99	1.47	1.98	2104.5	17433062	119.3212015	189	108.8	3
01/03/2015	1166205.475	141252.866	75406.54979	77567.61375	34626.86773	288208.6981	1202290.112	253834.1814	3480.455802	1493.258936	14395.39611	1341.045679	1166.484666	1892.135766	17058041.46	4.233757907	89685.99663	87.63	43725	15.26	16.51515152	3.03	3.16	3.32	3.67	4.81	5.27	5.9	3.3	0.25	0.02	0.03	0.11	0.25	0.64	1.02	1.52	2.04	2067.89	17538198	118.003423	198.5	124.4	3
01/04/2015	1186830.508	142279.432	75807.75233	79906.99401	34880.3843	290573.578	1226739.008	270850.1605	3450.222277	719.27055	13619.04865	1064.263734	1070.630412	1877.10276	17107884.47	4.270801926	89357.73841	87.4	44582	15.35	16.59459459	3.01	3.05	3.24	3.39	4.7	5.23	5.9	3.3	0.25	0.02	0.02	0.09	0.23	0.54	0.87	1.35	1.94	2085.51	17603315	117.583136	188.8	117.5	3
01/05/2015	1220909.579	144027.5298	75988.80153	81808.91613	35327.01329	295816.4374	1229310.03	294541.2026	3153.008133	616.5238557	13234.70245	1182.396645	1041.807337	1906.022328	17174437.93	4.311989214	89262.34685	86.97	44704	15.38	17.16517857	3	3.07	3.2	3.49	4.62	5.27	5.97	3.3	0.25	0.01	0.02	0.08	0.24	0.61	0.98	1.54	2.2	2107.39	17595860	117.9326826	181.7	117.2	3
01/06/2015	1211304.828	146931.132	81002.01618	82727.80127	35649.57183	297596.7877	1230395.31	288157.6999	3590.581754	930.9486437	14857.5625	1387.111726	1185.845698	2301.291378	17258289.88	4.388367363	89357.79014	87.11	45054	15.74	17.68539326	3	3.11	3.25	3.52	4.57	5.17	6.05	3.3	0.25	0.01	0.02	0.09	0.28	0.69	1.07	1.68	2.36	2063.11	17674295	117.4179273	192	126.9	3
01/07/2015	1219306.098	147692.4074	82038.25383	84329.23209	36110.76853	300961.7662	1246976.619	278774.9305	4018.392645	946.4068231	15147.06345	1803.125871	1258.416141	2254.534071	17347361.46	4.505898932	89584.37728	87.24	44753	16.11	17.72277228	3.05	3.21	3.28	3.61	4.9	5.57	6.04	3.3	0.25	0.03	0.03	0.12	0.3	0.67	1.03	1.63	2.32	2103.84	17718986	120.6605083	197	130.9	3
01/08/2015	1234675.356	149323.5468	87081.62497	82495.91735	36408.8021	302627.2234	1257702.091	270241.1319	3647.472814	1012.584988	15328.69911	1609.759249	1083.130767	2151.290571	17427802.74	4.614207577	89818.01447	87.42	43722	16.75	18.65256125	3.08	3.4	3.45	3.71	4.98	5.57	6.06	3.32	0.25	0.04	0.07	0.22	0.38	0.7	1.03	1.54	2.17	1972.18	17791345	121.2127739	216.5	141.8	3
01/09/2015	1255813.562	149210.115	87940.80246	83894.17687	36553.67022	305655.8511	1261267.52	252353.1471	3494.801498	1788.704093	14028.6628	1719.64236	1090.568677	2148.328962	17472994.71	4.631825417	89887.91733	87.75	42633	16.92	19.01123596	3.03	3.15	3.46	3.6	4.79	5.49	6.05	3.33	0.25	0.01	0.02	0.18	0.37	0.71	1.01	1.49	2.17	1920.03	17908989	119.5038328	223.5	152	3
01/10/2015	1242413.78	148834.5591	89009.25715	85497.35162	36761.08184	307202.0419	1259712.699	225382.8427	3515.682593	1759.918241	14606.95487	1628.884942	1212.339319	2324.158022	17469841.37	4.515442771	89674.76003	88.2	44543	16.5	18.49775785	3.06	3.16	3.26	3.53	4.72	5.43	5.99	3.31	0.25	0.01	0.02	0.11	0.26	0.64	0.93	1.39	2.07	2079.36	18055468	118.2478222	218.6	154.9	3
01/11/2015	1264819.69	154882.9554	90236.39929	85386.02559	36896.15029	308891.6765	1270141.065	230499.7527	2580.061112	1443.867854	17224.4268	1399.614441	1280.859082	2232.546776	17443172.25	4.322994214	89166.62298	88.69	43419	16.58	17.78969957	3.05	3.24	3.42	3.66	4.77	5.53	6.21	3.32	0.25	0.07	0.13	0.33	0.48	0.88	1.2	1.67	2.26	2080.41	18187747	119.4681865	216.5	149.3	3
01/12/2015	1330481.246	152288.4886	90159.7705	84826.44097	37538.49065	311434.5073	1322588.648	230770.2989	2522.923077	1319.138462	17244.76754	1145.753846	1700.820489	2389.876923	17428194.1	4.15782095	88430.69742	89.05	42978	17.21	18.74727669	3.02	3.25	3.51	3.69	4.74	5.71	6.26	3.42	0.5	0.17	0.23	0.5	0.65	0.98	1.28	1.7	2.24	2043.94	17884033	119.1774409	232.1	167.9	3.25
01/01/2016	1341112.124	151424.1384	89585.93337	85537.30001	38217.14154	313863.3478	1290842.276	222841.2515	2984.546689	1771.881854	14187.83586	2019.281144	1318.432544	1853.490251	17448867.89	4.077911745	87492.93416	89.39	43631	18.11	19.68478261	3.22	3.32	3.46	3.56	4.53	5.34	6.02	3.56	0.5	0.23	0.26	0.43	0.54	0.9	1.14	1.52	2.09	1940.24	17953203	116.4193296	257.8	191.8	3.25
01/02/2016	1326663.664	149530.1955	88856.06463	86321.79697	38506.98186	313362.1028	1292308.897	243600.276	2816.056913	1662.06181	15020.24099	1701.568709	1158.101441	1999.061505	17491890.21	4.057291262	86606.18546	89.78	43715	18.14	20.13318535	3.86	3.96	3.66	4.16	4.9	5.55	6.09	3.75	0.5	0.26	0.31	0.45	0.53	0.73	0.9	1.22	1.78	1932.23	18095494	120.3736887	281	204.5	3.75
01/03/2016	1316992.501	149876.2069	89201.10219	88358.25591	38655.59304	316462.1086	1352041.89	233027.0661	3380.698262	2266.529825	15588.46564	2411.042234	1168.260358	2092.956512	17530935.18	4.040001203	86063.1867	89.91	45881	17.28	19.24276169	3.75	3.9	4.03	4.11	4.75	5.36	5.94	4.06	0.5	0.25	0.3	0.47	0.66	0.88	1.04	1.38	1.89	2059.74	18154906	119.4709076	230	165.3	3.75
01/04/2016	1327255.653	150563.138	90369.62969	90969.87779	39114.45114	319880.1034	1339147.406	273696.769	3052.265385	1522.239206	14450.80247	1378.284806	1283.296798	2209.180408	17555356.18	3.986602464	85976.83486	89.63	45785	17.18	19.47845805	3.75	3.82	3.94	4.07	4.6	5.25	5.86	4.06	0.5	0.19	0.23	0.37	0.56	0.77	0.92	1.26	1.81	2065.3	18237468	118.7178303	217	160.8	3.75
01/05/2016	1349414.307	152008.7887	92116.48761	93027.69064	39325.8248	324979.3933	1368731.21	271368.5313	3180.949367	1670.593246	16751.44882	2176.424763	1297.504958	2512.183571	17571769.75	3.931696542	86306.69697	89.23	45459	18.47	20.8700565	3.8	4.1	4	4.45	4.96	5.61	6.14	4.08	0.5	0.23	0.28	0.42	0.59	0.82	0.97	1.3	1.81	2096.96	18257802	119.4782789	222	169.2	3.75
01/06/2016	1388164.81	153645.0357	94102.80046	95421.62801	39739.2453	326882.7805	1398891.21	269572.5045	3621.786634	1978.506762	16397.64137	2045.252929	1399.17996	2587.263099	17597897.94	3.921036573	86935.0924	89.32	45966	18.28	20.53932584	4.08	4.3	4.32	4.5	5.22	5.45	5.89	4.1	0.5	0.22	0.27	0.4	0.55	0.73	0.86	1.17	1.64	2098.86	18326071	119.1921929	223.3	167.5	4.25
01/07/2016	1398845.967	155658.182	95422.62419	96598.79179	40105.36845	330112.8242	1391749.836	274681.8161	2943.736325	1484.839087	15650.07297	1842.513685	1413.99014	2290.14863	17644020.33	3.981559205	87702.70988	89.56	46661	18.75	20.74115044	4.25	4.41	4.59	4.9	5.45	5.62	5.93	4.56	0.5	0.26	0.3	0.4	0.51	0.67	0.79	1.07	1.5	2173.6	18348131	121.8403478	204.5	145.1	4.25
01/08/2016	1392709.208	157489.7474	96354.80301	97296.44362	40414.55949	331179.7505	1406709.861	283129.2742	2992.649497	1420.147806	17165.50436	1260.776253	1504.338133	2059.965636	17708739.7	4.054300429	88600.76371	89.81	47541	18.78	21.03023516	4.28	4.39	4.63	4.81	5.42	5.57	5.83	4.59	0.5	0.26	0.3	0.45	0.57	0.74	0.85	1.13	1.56	2170.95	18466227	122.1798542	197.4	138.5	4.25
01/09/2016	1419449.161	158356.8285	96654.30677	97235.82473	40718.74694	332876.7251	1407648.232	263801.3491	3468.349429	1986.483368	15836.45433	2518.971402	1484.827987	2526.117365	17781821.8	4.049770773	89561.18242	90.36	47246	19.39	21.73766816	4.76	4.83	4.7	5.25	5.66	5.8	6.05	4.61	0.5	0.19	0.29	0.47	0.59	0.77	0.9	1.18	1.63	2168.27	18626402	120.348879	209	151.2	4.75
01/10/2016	1415623.533	159094.8774	97005.74025	97666.30097	40957.08107	332972.3539	1396569.667	270495.6776	2827.610905	1674.937671	16581.37659	2325.599103	1588.655867	2444.465387	17852313.23	3.915984019	90500.53475	90.91	48009	18.86	20.7938258	4.75	4.91	5.03	5.27	5.76	5.96	6.26	5.11	0.5	0.24	0.33	0.48	0.66	0.84	0.99	1.27	1.76	2126.15	18797954	118.8824286	209	149.5	4.75
01/11/2016	1443460.589	165926.5326	96696.83381	97230.37474	41463.71907	334421.8301	1444503.557	230159.9812	2366.883245	1090.676382	19284.97079	1460.231866	1450.066607	2378.404859	17917957.31	3.70525095	91398.55742	91.62	45316	20.57	22.16594828	5.59	5.87	5.57	6.17	6.59	6.88	7.25	5.34	0.5	0.3	0.45	0.58	0.74	0.98	1.22	1.6	2.14	2198.81	18935841	119.9689295	245.3	175.7	5.25
01/12/2016	1470197.598	161646.8859	96322.8215	96331.76323	42703.40069	336589.2098	1493379.009	232639.4667	1773.087419	1121.925395	17618.51633	1045.479136	2103.089623	2345.231237	17968231.32	3.51894222	92110.18032	92.04	45643	20.73	21.84404636	5.81	5.99	6.09	6.54	6.9	7.15	7.42	5.84	0.75	0.42	0.51	0.64	0.87	1.2	1.49	1.96	2.49	2238.83	18616624	119.799645	230.5	159	5.75
01/01/2017	1439541.716	158182.1086	94371.52591	94691.83711	42905.03125	333667.392	1431130.146	218785.886	2914.932062	1518.182233	16426.78916	3497.329103	1508.219619	2142.80907	18002921.45	3.414290294	92639.48913	93.6	47001	20.83	22.1360255	5.83	6.25	6.54	6.68	6.93	7.18	7.41	6.13	0.75	0.5	0.52	0.62	0.83	1.21	1.48	1.92	2.43	2278.87	18699916	115.6825151	234	167.5	5.75
01/02/2017	1429060.11	157327.8589	94673.12924	94729.25961	43170.05941	333119.5932	1439672.892	252063.6912	2641.69571	1386.188697	14353.2015	2421.916238	1353.366617	1966.130347	18028359.37	3.382285702	93104.4405	94.14	46857	20.11	21.39361702	6.06	6.37	6.64	6.94	7	7.14	7.37	6.44	0.75	0.48	0.53	0.65	0.82	1.2	1.47	1.9	2.42	2363.64	18853971	119.7559117	215.5	149.7	6.25
01/03/2017	1422040.914	155981.9024	95477.26099	95021.51834	43418.54542	335139.5151	1439728.185	248145.406	3122.366751	2125.778704	16396.8404	1814.047732	1524.07556	2333.982692	18052757.59	3.384167967	93629.20217	94.72	48542	18.72	20	6.32	6.56	6.74	6.92	6.85	6.92	7.01	6.63	1	0.66	0.75	0.89	1.01	1.31	1.59	2.01	2.48	2362.72	18994318	118.4941969	200.8	134.4	6.5
01/04/2017	1442145.284	158154.5687	96300.2716	96215.86972	43756.90292	335519.5346	1448966.126	282739.5356	2313.193621	1191.620621	14787.7838	1346.486556	1278.979471	1561.296446	18086941.52	3.39256609	94428.63187	94.84	49261	18.75	20.09646302	6.5	6.66	6.79	6.99	7	7.06	7.22	6.87	1	0.75	0.81	0.95	1.04	1.24	1.44	1.82	2.3	2384.2	19021083	117.6570631	201	126.9	6.5
01/05/2017	1445783.094	159016.0183	97400.44032	96915.57816	44071.54775	338845.3971	1424179.8	330417.744	2752.666699	1353.263725	17890.43599	1538.234976	1314.057409	2072.867704	18115228.55	3.406145854	95248.03654	94.73	48788	18.77	20.74033149	6.56	6.82	6.97	7.25	7.27	7.27	7.33	6.98	1	0.73	0.9	1.04	1.12	1.3	1.48	1.84	2.3	2411.8	19047825	118.1776112	194	116.3	6.75
01/06/2017	1458372.158	161667.2155	101251.9874	93251.61514	44735.95484	339884.9257	1467922.462	297872.3221	3386.122935	1542.524533	16541.40804	1983.95687	1400.875469	2107.732769	18122549.67	3.43122662	95892.18551	94.96	49857	18.13	20.37078652	6.82	7.05	7.2	7.2	6.58	6.62	6.78	7.21	1.25	0.84	1	1.11	1.2	1.34	1.49	1.77	2.19	2423.41	19134058	117.5330666	194	111.1	7
01/07/2017	1459916.753	162407.7898	101639.1	94009.64832	45491.2225	341735.2227	1453446.35	277341.6484	3139.22408	1539.366307	17292.43908	1765.399583	1286.780667	1712.508667	18099876.2	3.467403238	96170.69306	95.32	51012	17.81	20.54209919	6.99	7.08	7.17	7.25	6.74	6.74	6.86	7.37	1.25	0.97	1.09	1.13	1.22	1.37	1.54	1.87	2.32	2470.3	19172222	120.0209352	187	108.7	7
01/08/2017	1476397.97	163355.6171	102294.6735	94715.1565	45985.8817	341781.1529	1447019.762	303233.4955	3083.941628	1815.570805	16943.32174	1960.118843	1284.984116	2047.46401	18069716.97	3.501304355	96334.69726	95.79	51210	17.79	21.02836879	6.94	7.11	7.16	7.22	6.76	6.76	6.84	7.38	1.25	0.98	1.03	1.13	1.23	1.34	1.48	1.78	2.21	2471.65	19292865	120.0412033	189.3	104.1	7
01/09/2017	1482545.032	163412.4107	102401.0205	95507.53982	46489.01426	344133.1573	1456914.333	265127.8875	2756.083783	1278.519578	14721.472	1534.579958	1083.305274	1597.379988	18065736.82	3.511173537	96710.58332	96.09	50346	17.84	21.23809524	6.99	7.09	7.15	7.2	6.69	6.69	6.86	7.38	1.25	0.99	1.05	1.17	1.28	1.38	1.51	1.8	2.2	2519.36	19428916	118.8211347	180.8	104	7
01/10/2017	1482576.561	163359.4883	101621.1329	95508.61034	46706.72465	343479.0077	1485419.705	281564.1243	2747.402585	1475.864533	17014.32853	1826.800299	1158.347289	2034.581931	18109806.01	3.483530889	97517.46908	96.7	48626	19.15	22.50293772	7.03	7.09	7.19	7.18	6.96	7.05	7.26	7.38	1.25	1	1.09	1.25	1.4	1.55	1.68	1.98	2.36	2575.26	19623674	117.4429377	182.5	108.1	7
01/11/2017	1482887.688	170656.0476	102047.9547	94746.43855	47133.05831	343383.9365	1508125.541	280582.6777	2429.879362	1374.54096	19343.56766	1484.457644	1228.25135	1985.149158	18192258.79	3.4241423	98713.40354	97.7	47092	18.63	21.86619718	7.02	7.13	7.23	7.29	7.06	7.12	7.26	7.38	1.25	1.09	1.25	1.39	1.56	1.7	1.81	2.05	2.35	2647.58	19755991	118.0432775	185	106.9	7
01/12/2017	1529434.957	166966.0398	101364.1435	93720.08629	48015.37652	343615.7513	1539441.561	268165.3978	1939.717251	1131.070352	17005.2662	1076.624138	1474.038698	1938.127225	18286792.9	3.349615323	100044.9316	98.27	49354	18.7	22.13017751	7.17	7.31	7.41	7.33	7.58	7.6	7.65	7.51	1.5	1.2	1.34	1.5	1.7	1.84	1.96	2.18	2.4	2673.61	19418455	118.4021673	184.8	104.3	7.25
01/01/2018	1526497.384	165326.2386	100598.3775	93081.98442	48498.86673	343628.3271	1465849.123	346404.9054	3337.713653	1681.074064	17791.35148	2315.35531	1293.101576	1783.033152	18379727.68	3.269450589	101412.2187	98.8	50456	18.92	23.07317073	7.25	7.36	7.56	7.8	7.45	7.47	7.6	7.64	1.5	1.3	1.43	1.62	1.8	2.03	2.15	2.38	2.58	2823.81	19532177	115.2217348	178.8	98.5	7.25
01/02/2018	1520608.513	164495.5073	100207.9281	93571.74973	48938.38944	343424.9308	1480817.237	335812.568	2873.974197	1898.480646	14613.82689	1723.824563	1074.918928	1792.226651	18455209.92	3.205238616	102561.484	99.17	47438	18.65	23.02469136	7.4	7.56	7.74	7.7	7.5	7.51	7.62	7.78	1.5	1.38	1.59	1.79	1.96	2.18	2.36	2.6	2.86	2713.83	19696488	119.8430983	182.8	104.4	7.5
01/03/2018	1514791.56	164106.604	100135.4079	94732.95677	49477.62498	346296.6132	1511247.148	315637.6862	2950.235788	1668.605858	15842.31168	1879.115588	1231.986018	1805.942458	18499322.39	3.177959283	103232.6436	99.49	46125	18.58	22.90998767	7.47	7.65	7.79	7.84	7.18	7.2	7.32	7.83	1.75	1.64	1.73	1.92	2.06	2.28	2.42	2.63	2.84	2640.87	19786997	119.5158414	188	108.2	7.5
01/04/2018	1536740.813	165428.2965	101349.2038	95496.12272	50074.95101	348866.6463	1502581.008	337272.5498	3504.297048	1639.348127	17242.6744	2030.849659	1201.116072	1929.793546	18516814.89	3.194894673	103480.6888	99.15	48358	18.38	22.55214724	7.46	7.64	7.64	7.73	7.24	7.35	7.48	7.84	1.75	1.66	1.79	1.98	2.15	2.38	2.52	2.7	2.87	2648.05	19874106	119.105273	188	108	7.5
01/05/2018	1570832.626	166411.8466	101901.0341	96324.4727	50659.90344	353736.2228	1520791.798	342512.8246	3464.095825	1519.659021	17848.08245	2258.824988	1298.98054	2123.439769	18517250.71	3.250561064	103539.9162	98.99	44663	19.54	23.06965762	7.51	7.74	7.8	7.94	7.77	7.79	7.79	7.85	1.75	1.71	1.9	2.07	2.27	2.51	2.66	2.82	2.98	2705.27	19908072	119.2264222	204	122.1	7.5
01/06/2018	1585507.119	167742.248	101304.4106	96939.21554	51248.23535	354931.8255	1584603.077	309411.652	3523.903507	2167.198762	16251.75563	2473.601077	1279.019499	2095.77208	18521193.02	3.335275003	103846.0075	99.38	47663	20.3	23.68728121	7.64	7.88	7.99	8.12	7.71	7.68	7.6	7.93	2	1.81	1.94	2.11	2.33	2.53	2.65	2.78	2.91	2718.37	19894575	118.7791364	215.5	141.1	7.75
01/07/2018	1568481.581	167532.4074	100723.007	96750.97101	53298.41685	356987.8038	1495272.884	384586.2561	3271.015475	1568.790272	18660.52332	2007.608984	1394.324533	2057.886215	18541837.83	3.427261611	104652.052	99.91	49698	19.55	22.83878505	7.73	7.9	8.06	8.19	7.81	7.74	7.75	8.1	2	1.89	1.99	2.17	2.39	2.61	2.7	2.78	2.89	2816.29	19949244	121.321717	194.8	115.9	7.75
01/08/2018	1579689.149	167706.4308	100717.7051	96636.3901	53733.91614	357303.4103	1496740.821	416369.1742	3221.68713	1442.61541	17513.21648	1933.185378	1469.581184	2104.159158	18567958.57	3.500633272	105693.6318	100.49	49548	18.83	21.74364896	7.73	7.89	8.02	8.18	7.88	7.85	7.91	8.11	2	1.94	2.07	2.24	2.45	2.64	2.71	2.77	2.89	2901.52	20063433	121.2034201	197.3	116	7.75
01/09/2018	1580900.84	169076.3215	100237.6122	97204.94853	54109.44902	359988.0018	1479564.899	428987.0658	2983.861805	1651.175455	15587.64331	2449.856977	1297.535403	2145.239329	18579177.02	3.51551183	106466.4465	100.92	49504	19	22.14452214	7.69	7.92	8.09	8.26	7.73	7.76	7.93	8.11	2.25	2.04	2.17	2.34	2.56	2.77	2.84	2.89	3	2913.98	20192960	119.7505672	188.8	116.2	7.75
01/10/2018	1602891.443	168610.9926	99632.19375	96695.50332	54134.04469	360636.8336	1493509.741	433611.2828	3669.966532	1867.593165	18355.61933	2065.988872	1392.396396	2619.770661	18563233.18	3.454351471	106628.5573	101.44	43943	19.22	22.06659013	7.69	7.89	8.05	8.23	8.69	8.71	8.86	8.12	2.25	2.17	2.29	2.46	2.65	2.86	2.94	3	3.15	2711.74	20356179	118.4840816	190.8	124.7	7.75
01/11/2018	1594239.294	175792.6957	102050.0736	95627.38482	54292.15722	362546.7959	1512226.386	387630.1997	2470.842204	1144.300281	20617.1804	1521.599789	1444.551401	2316.141965	18532780.68	3.356482994	106400.9977	102.3	41733	20.25	23.01136364	7.83	8.23	8.3	8.49	8.75	8.93	9.14	8.25	2.25	2.24	2.37	2.52	2.7	2.86	2.91	2.95	3.12	2760.17	20457926	119.3930414	223.8	148.1	8
01/12/2018	1606786.752	170822.2348	99985.27871	94338.33631	54742.01604	362550.9285	1527325.056	386907.1558	3139.921767	1070.166098	19080.86888	822.2630235	1565.666139	2355.807131	18509473.77	3.285451397	106134.8323	103.02	41640	20.23	23.01478953	8.02	8.29	8.55	8.7	8.49	8.54	8.64	8.41	2.5	2.37	2.41	2.54	2.66	2.68	2.67	2.68	2.83	2506.85	20079365	119.0216136	229.3	154.7	8.25
01/01/2019	1609010.121	169011.6313	99128.54153	93978.49377	55187.12312	364661.4655	1477773.824	421046.6673	5410.451274	1393.516869	17520.70433	2345.541753	1509.713806	2033.949933	18506494	3.279894728	106119.7657	103.11	43988	19.16	21.87214612	7.95	8.23	8.45	8.54	8.18	8.17	8.4	8.59	2.5	2.4	2.42	2.51	2.58	2.54	2.52	2.54	2.71	2704.1	20174011	118.0656075	216.3	135.3	8.25
01/02/2019	1619224.647	168124.4708	99413.04448	94391.45969	55499.61303	365915.8058	1496401.265	449475.6577	4147.670837	1522.669212	15806.42433	1677.760099	1276.870303	2332.732742	18516795.95	3.322255654	106506.9946	103.08	42824	19.19	21.78206583	7.93	8.12	8.23	8.2	8.02	8	8.16	8.56	2.5	2.43	2.44	2.5	2.55	2.5	2.48	2.49	2.68	2784.49	20299993	123.2911577	214.5	124.3	8.25
01/03/2019	1631495.756	167693.1442	98935.00586	94875.02969	55710.77268	369410.7567	1509242.608	437680.5183	4534.969869	1592.48227	17168.30907	2417.203415	1386.710886	2532.060166	18525979.25	3.370876357	107283.4296	103.48	43281	19.23	21.72881356	8.02	8.09	8.18	8.07	7.82	7.83	8.01	8.52	2.5	2.45	2.45	2.51	2.49	2.41	2.37	2.37	2.57	2834.4	20348508	122.6510852	212.1	124.6	8.25
01/04/2019	1638247.851	167811.4849	98751.2963	94856.29538	56012.60216	370997.9512	1510974.212	460520.3814	3820.256634	1575.814704	18875.46144	1746.850303	1361.485346	2368.595226	18527877.48	3.412438582	108614.0567	103.53	44597	18.95	21.29213483	7.78	8.06	8.14	8.15	7.95	7.94	8.09	8.5	2.5	2.43	2.43	2.46	2.42	2.34	2.31	2.33	2.53	2945.83	20378927	122.0167267	197.6	112.4	8.25
01/05/2019	1656676.384	169415.7759	98869.49456	95833.80645	56302.59985	376780.7197	1520064.859	442850.6886	4032.945639	1213.574852	19792.15937	1875.687586	1526.562281	2785.695349	18530379.94	3.45495192	110038.6059	103.23	42749	19.11	21.37583893	8.07	8.22	8.25	8.31	7.91	7.84	8	8.51	2.5	2.4	2.4	2.42	2.34	2.21	2.16	2.19	2.4	2752.06	20382910	121.976917	207.2	131.6	8.25
01/06/2019	1657773.091	172087.4003	98448.84172	96596.59753	56583.39337	378846.9275	1532812.615	421894.2261	4392.285784	1201.653586	17586.69064	1853.49397	1424.061232	2712.62196	18547247.04	3.525871473	111215.53	103.3	43161	19.27	21.7740113	8.25	8.26	8.25	8.16	7.42	7.37	7.57	8.51	2.5	2.22	2.22	2.17	2	1.81	1.78	1.83	2.07	2941.76	20368666	121.7615575	212	111.5	8.25
01/07/2019	1636658.086	171606.7854	97506.00655	96837.1295	56502.26398	381636.8135	1541056.601	433919.9199	4205.214775	1514.136547	20773.02515	1232.628352	1555.004248	2727.900896	18581487.63	3.630552653	111690.8843	103.69	40863	19.05	21.35650224	8.14	8.16	8.18	8.06	7.32	7.27	7.5	8.48	2.5	2.15	2.15	2.08	1.96	1.84	1.8	1.83	2.06	2980.38	20385379	124.5173967	198.1	117.1	8.25
01/08/2019	1662564.793	173460.8331	98037.20215	97548.99386	56779.35529	384294.0978	1566308.541	408898.2903	4216.673671	1321.408187	18819.52497	1252.247825	1624.768972	2652.339949	18601371.54	3.727774043	111272.5367	103.67	42623	19.68	21.89098999	8.01	7.99	7.92	7.78	6.95	6.88	6.98	8.37	2.25	2.07	1.99	1.93	1.77	1.57	1.51	1.49	1.63	2926.46	20422010	125.2473111	220.9	113.4	8
01/09/2019	1613818.401	174229.3975	97326.38657	97234.98574	56706.09041	387270.0696	1533777.433	410391.4653	4276.197059	1394.972498	19114.73311	1258.805947	1429.089031	2481.298028	18560935.06	3.74958334	109746.9074	103.94	43011	19.58	21.5876516	7.72	7.7	7.59	7.41	6.66	6.7	6.88	8.2	2	1.99	1.93	1.89	1.8	1.65	1.59	1.57	1.7	2976.74	20567426	123.7528683	206.8	115.8	7.75
01/10/2019	1584793.705	173415.6498	96978.0622	97293.9715	56535.38402	387787.9525	1527403.339	403274.1343	4387.433705	1515.168693	19480.11522	1637.119087	1567.510813	2640.769033	18446408.2	3.658157012	107367.6124	104.5	43337	19.34	21.39380531	7.66	7.58	7.48	7.18	6.49	6.59	6.76	8	1.75	1.73	1.68	1.67	1.61	1.55	1.53	1.53	1.71	3037.56	20727424	122.4263722	202	91.7	7.75
01/11/2019	1593960.122	181455.7812	96087.23192	96453.41999	56465.46723	388933.849	1556126.658	363127.0418	3357.286862	1143.852242	22055.43883	1215.200991	1630.960232	2322.95046	18336994.14	3.493499446	105534.1925	105.35	42820	19.31	21.33701657	7.47	7.47	7.38	7.14	6.84	6.95	7.08	7.87	1.75	1.58	1.57	1.59	1.57	1.61	1.61	1.64	1.81	3140.98	20803652	123.5289757	193	91.9	7.5
01/12/2019	1590251.59	174842.16	94524.32909	94818.62131	56463.6355	389798.6895	1577077.563	342571.694	2778.134463	1220.018	21914.83306	839.4227115	1788.588807	2527.081654	18348723.36	3.33198805	106200.1947	105.93	43541	19.12	21.24111111	7.12	7.31	7.3	7.18	6.76	6.75	6.89	7.7	1.75	1.55	1.57	1.58	1.55	1.61	1.63	1.68	1.86	3230.78	20421442	123.51758	182	78.8	7.25
01/01/2020	1575480.629	171886.8069	93396.62351	94012.3941	56424.33254	389606.3143	1519880.894	377397.7826	3829.194422	1899.131647	18079.08353	1916.000227	1694.774038	1949.184742	18515209.87	3.229287905	110030.039	106.45	44108	18.8	20.87497224	7.12	7.17	7.15	7.08	6.56	6.55	6.63	7.53	1.75	1.53	1.55	1.56	1.53	1.52	1.52	1.56	1.76	3225.52	20490397	121.7055283	179.68	81.8	7.25
01/02/2020	1582639.526	170740.8198	93186.33088	94822.56344	56356.01168	389711.6463	1537585.836	378641.1766	3573.775999	1978.457037	16402.73217	1876.627	1422.364584	2087.683745	18550582.56	3.250389575	112536.7157	106.89	41324	18.83	20.53659069	6.96	6.93	6.83	6.68	6.62	6.64	6.87	7.39	1.75	1.58	1.54	1.51	1.41	1.33	1.31	1.32	1.5	2954.22	20613536	126.542364	183.74	104.1	7
01/03/2020	1731163.042	165284.1075	93298.3834	94911.85849	56072.26785	393232.009	1684525.612	351836.2945	4019.247846	1691.679588	17521.31818	1169.961758	1243.161104	2038.804117	18138020.7	3.432715453	108533.8424	106.84	34555	22.32	24.69299701	6.81	6.83	6.73	6.61	6.29	6.48	7.12	7.1	1	0.37	0.3	0.3	0.33	0.45	0.5	0.59	0.87	2584.59	20482943	127.2167284	324	240.9	6.5
01/04/2020	1796936.253	157266.1664	93470.78152	94970.03667	55744.16617	397777.9612	1741434.434	362212.0628	1529.265987	679.4452796	10757.51662	990.0493245	508.0796819	1334.719863	17046867.37	3.824625535	94650.49776	105.76	36470	24.17	26.27459506	6.09	6.09	5.95	5.8	5.3	5.51	6.61	6.54	1	0.11	0.14	0.17	0.18	0.22	0.28	0.39	0.66	2912.43	19927696	129.01315	399.19	255.6	6
01/05/2020	1739742.383	154582.4733	91715.62422	94156.96743	54826.45915	399562.6629	1720829.444	343350.2982	2053.44514	654.9057278	11729.73979	630.3783865	739.94616	1575.17653	15831490.49	4.306602332	78947.10999	106.16	36123	23.46	25.58621442	5.47	5.39	5.2	5.03	5.21	5.37	6.16	6	1	0.1	0.13	0.15	0.16	0.17	0.22	0.34	0.67	3044.31	19583170	128.2047567	357.05	177.6	5.5
01/06/2020	1705616.73	152247.4184	79841.48261	93503.70478	54165.50107	399193.0311	1743249.966	357801.099	2202.400218	883.2988647	14295.36552	1029.070666	1076.996686	1919.29441	15077974.12	4.786531532	70405.87009	106.74	37716	22.33	25.13227513	5.06	5.06	5	4.91	4.69	4.85	5.84	5.65	0.25	0.13	0.16	0.18	0.18	0.19	0.22	0.34	0.73	3100.29	19499859	127.4208072	301.43	158.5	5
01/07/2020	1661949.707	149921.3045	78963.59644	92797.85002	53733.32259	400724.9692	1753351.353	335542.5159	2169.497638	897.6300977	15269.83668	1120.955111	1223.804115	2147.487211	15281763.73	5.127444622	76223.7778	107.44	37020	22.39	25.68838917	4.82	4.71	4.65	4.61	4.65	4.89	5.73	5.23	0.25	0.11	0.13	0.14	0.15	0.15	0.17	0.28	0.62	3271.12	19495952	127.8896011	296.87	143.4	5
01/08/2020	1628844.539	150794.4046	78125.81051	92620.55289	53551.57415	401900.0159	1743833.555	312610.5017	3100.238959	704.7701808	16547.38574	862.9841488	1101.63587	2183.30012	16099651.65	5.296847739	91042.68052	107.87	36841	22.19	26.25103514	4.49	4.49	4.51	4.48	4.67	5.24	6.08	4.97	0.25	0.08	0.1	0.12	0.13	0.14	0.16	0.27	0.65	3500.31	19588342	128.1197711	267.14	123.9	4.5
01/09/2020	1605256.024	151161.592	77584.44628	92453.61977	53734.22719	405193.26	1735888.171	289359.5639	3377.228917	799.8317577	16848.72734	951.75187	808.8444163	2249.858944	16957128.73	5.238748355	105659.8962	108.11	37459	21.65	25.51862329	4.38	4.41	4.43	4.45	4.55	5.26	6.13	4.72	0.25	0.09	0.11	0.12	0.13	0.13	0.16	0.27	0.68	3363	19702192	127.9886071	272.86	124.9	4.25
01/10/2020	1557935.138	149827.9739	77194.89931	91937.31149	53878.37622	406056.2697	1756886.844	260235.2251	3060.6661	772.9113016	16941.97773	1575.445306	777.0014891	2641.517513	17394591.85	4.959823197	112844.9096	108.77	36988	21.27	25.02941869	4.2	4.27	4.31	4.37	4.48	5.41	6.3	4.53	0.25	0.09	0.1	0.11	0.13	0.15	0.19	0.34	0.79	3269.96	19902833	126.6	258.59	126	4.25
01/11/2020	1502504.799	154622.4097	76157.73291	91095.6525	54102.6315	409691.733	1752029.549	224544.7139	3235.834206	856.0344798	22457.26169	1356.341553	969.9277598	2659.836558	17513511.4	4.579680574	114464.8184	108.86	41779	20.39	24.13589015	4.23	4.29	4.34	4.36	4.61	5.06	5.8	4.5	0.25	0.09	0.09	0.1	0.12	0.17	0.22	0.39	0.87	3621.63	20051552	129	227	126.8	4.25
01/12/2020	1483081.09	146632.7577	74532.70451	89729.13225	54151.96361	411575.2056	1787538.341	221317.1619	3954.983288	1074.48852	19385.02023	1091.529239	1182.458903	3371.801271	17502140.51	4.290572641	113799.5125	109.27	44067	19.95	24.28241023	4.27	4.3	4.32	4.32	4.67	4.74	5.55	4.49	0.25	0.08	0.09	0.09	0.1	0.14	0.19	0.39	0.93	3756.07	19773732	129.2	208.41	127.1	4.25
01/01/2021	1492782.288	141174.9965	72464.30054	88587.23401	53393.01397	408881.2251	1753818.133	204880.7157	3896.81674	1503.981192	16345.35873	1619.925641	962.1714736	2137.653782	17523338.71	4.199556132	113577.1219	110.21	42986	19.93	24.24574209	4.22	4.22	4.2	4.22	4.58	4.65	5.61	4.47	0.25	0.08	0.08	0.09	0.1	0.13	0.2	0.45	1.08	3714.24	19821651	127.2	206.25	126.9	4.25
01/02/2021	1482322.068	138367.8625	70985.97176	88063.00755	53129.96468	407431.8604	1766149.814	185618.1718	3760.233222	1487.800263	16153.76279	1587.357204	796.6729752	2399.577783	17581417.81	4.254111092	113617.7602	110.91	44593	20.29	24.53446191	4.12	4.12	4.13	4.15	5.06	5.14	6.25	4.36	0.25	0.04	0.04	0.06	0.07	0.12	0.21	0.54	1.26	3811.15	19936938	131.8	293.05	126.7	4
01/03/2021	1469287.022	135032.9016	70241.87147	87614.67157	53211.9913	407695.6686	1808410.608	159282.7824	4209.420675	1529.510391	20919.11641	2223.202506	918.5000433	2344.414279	17635562.94	4.334249599	113093.4188	111.82	47246	20.76	24.92215569	4.05	4.05	4.16	4.34	5.3	5.94	6.84	4.28	0.25	0.02	0.03	0.05	0.08	0.15	0.32	0.82	1.61	3972.89	20025709	133.3	211.09	126.5	4
01/04/2021	1468515.419	131240.0436	70124.66584	88533.28637	53217.16435	409116.976	1806614.714	170030.516	2539.379188	1090.769304	17070.93725	7802.129192	677.7659164	1842.168633	17672295.72	4.380019059	111401.5491	112.19	47482	20.06	23.21219226	4.07	4.13	4.34	4.64	5.46	5.96	6.91	4.28	0.25	0.02	0.02	0.04	0.06	0.16	0.35	0.86	1.64	4188.55	20070483	131.6	207.05	126.3	4
01/05/2021	1467162.329	129024.0303	70266.72799	89526.09433	52918.33053	412287.5118	1809315.434	170852.1618	2914.813678	1085.62223	17918.83192	7477.420226	821.5651727	1989.472932	17689635.19	4.404733206	109563.2757	112.2	49953	20	22.87735849	4.07	4.11	4.26	4.5	5.89	6.25	6.89	4.3	0.25	0.05	0.05	0.06	0.08	0.18	0.37	0.87	1.64	4202.04	20042415	131	198.22	126.1	4
01/06/2021	1461142.891	127141.129	70637.5853	89875.01394	52712.56474	412642.5814	1858233.924	135086.727	3040.801729	1301.37012	18498.87039	7396.065384	967.612982	2298.171661	17701201.68	4.45877894	108761.5518	112.41	50131	19.8	23.45971564	4.03	4.07	4.18	4.36	5.65	6.15	6.83	4.3	0.25	0.08	0.08	0.09	0.1	0.2	0.39	0.88	1.65	4202.28	20056415	130.4	202.31	125.9	4
01/07/2021	1453134.163	127084.8577	70823.45365	90434.22915	52598.39076	413914.0626	1809012.336	139845.8665	3201.516998	1432.838188	19558.48757	7194.562265	1036.967508	2221.089261	17715521.89	4.563665935	109975.2022	112.69	50317	19.5	23.21428571	4.05	4.09	4.19	4.34	5.61	6.12	6.75	4.3	0.25	0.11	0.1	0.11	0.12	0.22	0.41	0.88	1.65	4202.61	20032863.42	134.1	199.24	125.8	4
01/08/2021	1454725.711	128293.3958	70925.40843	90657.61397	52620.90652	414913.1776	1794248.542	148825.646	3314.642064	1385.215371	19919.73516	7172.08392	999.9268387	2188.937115	17731819.53	4.659472111	112868.1677	112.93	50505	19.1	22.63033175	4.04	4.08	4.17	4.29	5.43	6.01	6.61	4.3	0.25	0.14	0.13	0.13	0.14	0.24	0.43	0.89	1.65	4202.99	20137136.54	132.8	195.16	125.6	4
01/09/2021	1456639.318	129206.8922	70834.68089	90359.71648	52782.41001	416535.886	1805184.757	130126.4699	3220.871255	1414.718834	19153.20407	7275.558434	853.4916317	2184.099072	17744901.39	4.650195146	116641.3194	113.28	50693	19	22.70011947	4.03	4.07	4.13	4.22	5.32	5.95	6.58	4.3	0.25	0.16	0.15	0.14	0.15	0.27	0.46	0.92	1.69	4203.32	20336471.48	132.8	194.14	125.4	4
01/10/2021	1452130.086	129277.2941	70551.32794	90232.56653	52923.64825	417148.6	1816513.708	127128.9907	3264.384558	1421.125253	20066.43115	7429.58527	854.5423403	2378.177174	17752850.28	4.486849582	120423.1088	113.81	50890	19.27	23.21686747	4.06	4.1	4.15	4.2	5.14	5.89	6.5	4.3	0.25	0.18	0.16	0.15	0.16	0.29	0.5	0.96	1.73	4203.62	20548140.42	131.4	196.52	125.2	4
01/11/2021	1452123.352	135961.5239	70137.0485	89517.08456	53101.43653	418295.3876	1817158.859	109869.0088	2576.743597	1187.958978	23137.90335	7215.108779	948.3262259	2233.710876	17766828.35	4.246984062	123907.6513	114.5	51084	19.53	23.67272727	4.05	4.09	4.14	4.2	5	5.84	6.56	4.3	0.25	0.2	0.18	0.16	0.17	0.31	0.53	0.99	1.77	4203.9	20662755.09	133.8	198.9	125.1	4
01/12/2021	1464757.809	132640.3032	68837.80883	88480.05939	53196.60614	419680.1989	1869086.257	105937.2255	2594.790447	1228.248398	21871.1945	7038.476164	1125.130059	2248.24464	17799136.55	4.066181612	126378.501	114.96	51289	19.7	23.93681652	4.07	4.11	4.16	4.22	4.96	5.77	6.5	4.3	0.25	0.22	0.2	0.18	0.18	0.33	0.56	1.03	1.81	4204.19	20310692.94	133.2	201.29	124.9	4
01/01/2022	1459117.646	130861.6754	67738.1534	87713.05484	52887.35386	420483.214	1804393.901	122615.509	3749.747901	1627.599116	19626.22212	7923.612195	1012.44626	1874.67337	17860438.18	4.022491416	127586.9064	115.48	51498	19.68	23.94160584	4.03	4.07	4.12	4.18	4.92	5.64	6.43	4.3	0.25	0.22	0.19	0.18	0.19	0.35	0.58	1.04	1.83	4204.5	20491005.85	129.6	200.38	124.7	4
01/02/2022	1456159.952	130702.0496	67048.96977	87992.66868	52834.17292	422376.1647	1810065.202	153042.7507	3154.569448	1645.761646	18671.9131	7130.521276	893.9202702	2038.631979	17937802.69	4.075535864	127405.4564	115.92	51694	19.55	23.81242387	4.05	4.09	4.14	4.2	4.98	5.6	6.52	4.3	0.25	0.22	0.19	0.18	0.2	0.36	0.59	1.05	1.85	4204.8	20669543.42	134.1	199.47	124.5	4
01/03/2022	1461716.778	129836.0639	66335.37619	88682.23466	52944.75231	426089.5196	1836381.891	143912.9854	3369.846673	1687.477234	21172.79246	7512.098697	938.145762	2094.988529	18006906.26	4.137289682	126107.7571	116.34	51917	19.43	23.69512195	4.04	4.08	4.13	4.19	5.09	5.74	6.62	4.3	0.25	0.21	0.19	0.18	0.2	0.36	0.59	1.06	1.87	4205.14	20680067.72	134.5	198.56	124.3	4
01/04/2022	1469743.46	128622.6198	65738.45319	89639.04728	53019.15373	428401.566	1836368.703	170702.4284	2949.43916	1331.472954	20668.20458	6942.878103	739.5041097	1989.330736	18070372.67	4.16688161	123687.3254	116.07	52140	19.39	23.67521368	4.03	4.07	4.12	4.18	4.94	5.77	6.73	4.3	0.25	0.21	0.19	0.18	0.2	0.37	0.6	1.06	1.89	4205.48	20747360.86	134.6	198.18	124.2	4
01/05/2022	1477766.978	128704.0694	65376.66725	90671.55128	52949.0429	432497.1249	1832112.167	179462.5431	3202.528179	1312.506629	21549.76641	7412.965951	862.5149583	2265.229632	18121181.64	4.186021979	121377.4133	115.69	52377	19.35	23.65525672	4.06	4.1	4.15	4.21	5	5.84	6.76	4.3	0.25	0.21	0.19	0.18	0.21	0.37	0.61	1.07	1.91	4205.8	20729943.91	133.7	197.8	124	4
01/06/2022	1479324.085	129060.2291	65257.83036	91052.54574	52923.0947	433487.3928	1885716.63	168502.0742	3304.834974	1512.89118	21060.11125	7290.101928	982.3219391	2288.980468	18168776.13	4.247012637	120288.112	115.9	52612	19.32	23.64749082	4.05	4.09	4.14	4.2	4.99	5.81	6.85	4.3	0.25	0.21	0.19	0.18	0.21	0.38	0.61	1.07	1.93	4206.07	20740490.89	132.6	197.42	123.9	4
01/07/2022	1471648.461	128860.6918	65270.44951	91646.81424	52941.1103	434630.7523	1833795.805	177629.6234	3195.712161	1436.055795	22421.3464	7090.533703	1035.164785	2209.478002	18214596.36	4.371759322	121377.9284	116.25	52860	19.36	23.7254902	4.05	4.09	4.14	4.2	5.02	5.83	6.95	4.3	0.25	0.21	0.19	0.18	0.21	0.38	0.62	1.08	1.95	4206.35	20669142.21	135.1	197.9	123.7	4
01/08/2022	1473634.522	129769.3011	65249.89383	91901.10174	53053.24888	435525.5253	1818043.446	181672.7568	3318.002784	1379.554526	22142.49547	7067.214836	1002.695088	2172.122503	18260886.31	4.496770269	124265.2748	116.53	53113	19.41	23.81595092	4.07	4.11	4.16	4.22	5.08	5.94	6.97	4.3	0.25	0.21	0.19	0.18	0.21	0.39	0.62	1.08	1.97	4206.72	20693126.16	135.7	198.38	123.5	4
01/09/2022	1475313.447	130419.4443	65070.91168	91627.10317	53204.90169	437079.1242	1833666.492	170034.7183	3217.893168	1397.967644	21199.23455	7167.837464	882.243202	2171.820756	18303835.27	4.519041712	128120.1421	116.97	53364	19.46	23.90663391	4.03	4.07	4.12	4.18	5.1	5.97	6.99	4.3	0.25	0.2	0.19	0.18	0.21	0.39	0.62	1.09	1.99	4207.22	20795245.59	136.2	198.85	123.3	4
01/10/2022	1471210.716	130335.6608	64706.38047	91526.07128	53347.34076	437619.2084	1839163.053	166565.1428	3238.768279	1403.233311	22246.50584	7318.545479	880.1170404	2360.797692	18340527.74	4.382864516	132024.0214	117.59	53627	19.55	24.04674047	4.05	4.09	4.14	4.2	5.05	5.86	7.11	4.3	0.25	0.21	0.19	0.18	0.22	0.39	0.63	1.09	2.01	4207.85	21004823.71	135	199.8	123.1	4
01/11/2022	1472176.895	137243.6102	64205.69421	90828.20344	53507.97412	438581.0964	1836232.079	142669.7902	2613.149844	1195.660334	24379.66048	7106.147765	954.124503	2217.699717	18373677.13	4.164306402	135616.5732	118.42	53888	19.64	24.18719212	4.04	4.08	4.13	4.19	5.07	5.86	7.13	4.3	0.25	0.2	0.19	0.18	0.22	0.39	0.63	1.09	2.02	4208.51	21190060.3	136.4	200.74	123	4
01/12/2022	1484930.334	134206.4605	62895.13846	89803.64757	53629.34451	439788.7618	1893973.991	139416.5495	2690.490593	1253.217161	23965.47537	6931.238286	1133.734514	2214.507175	18401894.4	3.995034593	138109.2883	118.98	54161	19.73	24.32799014	4.03	4.07	4.12	4.18	5.13	5.96	7.15	4.3	0.25	0.2	0.19	0.18	0.22	0.39	0.63	1.1	2.04	4209.2	20885345.72	135.9	201.69	122.8	4
01/01/2023	1477934.023	132508.3244	61774.79081	89052.5155	53531.57315	440685.8698	1828106.574	160024.3523	3726.670605	1638.564901	21790.75063	7800.983236	1039.318886	1856.569517	18428291.29	3.952594292	139205.7558	119.44	54440	19.77	24.40740741	4.06	4.1	4.15	4.21	5.17	6.09	7.26	4.3	0.25	0.21	0.2	0.19	0.22	0.4	0.63	1.1	2.07	4209.93	21056302.85	132	202.06	122.7	4
01/02/2023	1474453.41	132220.8552	61027.12309	89363.51679	53582.08798	442808.4364	1831127.045	176573.0116	3178.880012	1637.393403	20453.17382	7019.206158	938.7339177	2021.947155	18454907.88	4.00023784	138800.6316	119.82	54696	19.81	24.48702101	4.05	4.09	4.14	4.2	5.2	6.06	7.27	4.3	0.25	0.21	0.2	0.19	0.22	0.4	0.64	1.11	2.08	4210.71	21241727.72	137	202.42	122.6	4
01/03/2023	1480422.342	131318.5329	60232.57519	90091.0378	53712.45545	446512.396	1857469.561	166495.7129	3357.878335	1662.271701	21932.64401	7393.462168	972.5082889	2068.429391	18482039.96	4.056025426	137241.0026	120.25	54983	19.84	24.55445545	4.07	4.11	4.16	4.22	5.2	6.12	7.29	4.3	0.25	0.21	0.2	0.19	0.22	0.4	0.64	1.11	2.09	4211.77	21258882.32	136.8	202.79	122.4	4
01/04/2023	1488185.493	130114.4879	59507.21671	91090.48407	53825.8429	448597.2353	1854443.214	193298.424	2974.227876	1325.302248	21569.43364	6832.528147	804.9627545	1969.645266	18517434.24	4.081673873	134511.6866	119.97	55266	19.78	24.51053284	4.03	4.07	4.12	4.18	5.2	6.18	7.37	4.3	0.25	0.22	0.2	0.19	0.23	0.4	0.64	1.12	2.1	4212.97	21305793.07	136.9	202.2	122.2	4
01/05/2023	1495420.865	130038.0679	58973.76396	92167.44448	53869.60339	452437.1781	1851316.304	201872.224	3207.583002	1310.022559	22454.71774	7293.595467	908.90047	2242.839857	18554268.07	4.098881618	131958.0433	119.6	55562	19.73	24.47890819	4.05	4.09	4.14	4.2	5.18	6.15	7.37	4.3	0.25	0.22	0.2	0.2	0.23	0.41	0.65	1.12	2.11	4214.36	21254491.31	135.8	201.61	122	4
01/06/2023	1496267.046	130199.9049	58671.67331	92582.79057	53935.22661	453256.8648	1904094.146	190766.8987	3275.170536	1506.114538	22168.60597	7171.391832	1006.36394	2264.295245	18590914.28	4.157891988	130759.5241	119.86	55852	19.67	24.43478261	4.04	4.08	4.13	4.19	5.28	6.26	7.37	4.3	0.25	0.23	0.22	0.21	0.24	0.42	0.67	1.14	2.13	4215.81	21291641.49	135.1	201.02	121.9	4
01/07/2023	1487876.409	129878.2231	58526.68511	93215.23893	54022.73603	454256.7255	1850820.132	199740.9796	3198.880732	1435.181268	23485.03687	6974.166225	1045.979823	2182.911628	18622483.48	4.279530355	131938.5804	120.22	56157	19.7	24.50248756	4.03	4.07	4.12	4.18	5.34	6.37	7.48	4.3	0.25	0.26	0.24	0.24	0.27	0.45	0.7	1.17	2.16	4217.4	21319282.99	137.1	201.38	121.7	4
01/08/2023	1489132.172	130517.456	58395.53777	93502.26337	54185.34786	455040.5787	1836071.545	203632.4336	3314.683183	1371.675419	23331.92869	6950.080934	1016.620979	2140.306111	18654382.7	4.401580352	135071.4204	120.54	56465	19.74	24.58281445	4.06	4.1	4.15	4.22	5.25	6.34	7.49	4.3	0.25	0.28	0.26	0.26	0.3	0.48	0.73	1.2	2.19	4219.11	21433107.11	137.7	201.73	121.5	4
01/09/2023	1490148.717	130930.0889	58147.86504	93251.96352	54339.29887	456510.691	1855876.225	191842.3441	3214.370238	1380.250735	22430.49345	7047.708533	915.651166	2144.682553	18690455.3	4.423369476	139250.5397	120.97	56767	19.77	24.65087282	4.05	4.09	4.14	4.2	5.29	6.38	7.52	4.3	0.25	0.3	0.29	0.29	0.33	0.51	0.75	1.23	2.22	4220.87	21555002.93	137.9	202.09	121.4	4
01/10/2023	1485312.598	130706.7519	57733.09781	93177.53625	54489.35277	456950.1244	1854375.416	188220.7949	3205.487276	1387.057973	23463.3085	7194.85274	910.6287937	2327.800266	18731608.57	4.290354833	143475.7616	121.64	57083	19.86	24.79400749	4.09	4.13	4.18	4.27	5.38	6.52	7.63	4.32	0.25	0.32	0.31	0.31	0.35	0.54	0.78	1.25	2.25	4222.83	21719560.02	136.9	202.95	121.2	4
01/11/2023	1485481.858	137774.138	57182.5705	92495.44989	54648.90636	457692.3382	1849282.262	164173.4523	2660.596231	1207.677637	25776.21398	6984.961441	968.416793	2187.117789	18772588.1	4.076475481	147363.929	122.58	57392	19.94	24.925	4.15	4.19	4.24	4.34	5.44	6.56	7.65	4.45	0.25	0.34	0.33	0.33	0.38	0.56	0.81	1.28	2.28	4224.86	21850860.11	138.3	203.82	121.1	4
01/12/2023	1497533.283	134990.9831	55907.28948	91480.25316	54789.88716	458740.9768	1913747.249	160768.2252	2788.080946	1279.820804	25217.45433	6812.129153	1151.946444	2165.004534	18800557.36	3.90996196	150071.3536	123.15	57716	20.03	25.0375	4.29	4.33	4.38	4.5	5.63	6.59	7.6	4.55	0.5	0.37	0.36	0.37	0.41	0.6	0.85	1.32	2.32	4227.11	21514145.88	137.7	204.69	120.9	4.25
01/01/2024	1489996.969	133364.086	54807.29683	90742.95447	54799.1877	459770.2397	1846069.402	181224.0407	3681.276918	1645.296728	23039.82706	7664.934626	1071.311496	1823.470213	18810208.84	3.866385173	151284.7419	123.59	58042	20.06	25.075	4.23	4.32	4.38	4.49	5.6	6.8	7.69	4.55	0.5	0.41	0.4	0.41	0.46	0.65	0.9	1.36	2.35	4229.53	21682882.29	133.4	205.06	120.7	4.25
01/02/2024	1485885.052	132959.1477	54041.17747	91087.49159	54906.59312	462104.2637	1846823.97	197620.713	3197.025996	1624.466692	21781.48037	6895.951663	984.7744066	1989.905137	18806795.1	3.911076907	150884.0495	124	58351	20.1	25.125	4.22	4.31	4.37	4.52	5.41	6.61	7.65	4.55	0.5	0.45	0.45	0.46	0.51	0.71	0.95	1.41	2.38	4231.95	21865605.42	138.8	205.43	120.5	4.25
01/03/2024	1491119.34	132022.3942	53218.34084	91856.78493	55053.71751	465715.2172	1873415.858	187391.4272	3346.488455	1638.105387	23455.74956	7262.238611	1009.440727	2026.273491	18800557.36	3.966873925	149151.555	124.44	58684	20.14	25.175	4.49	4.58	4.64	4.74	5.68	6.76	7.6	4.8	0.5	0.49	0.49	0.5	0.56	0.76	1	1.46	2.41	4234.73	21883711.97	138.5	205.81	120.4	4.5
01/04/2024	1498221.96	130825.3796	52425.67308	92903.79131	55193.13845	467531.4585	1867239.917	214042.1513	3007.468791	1320.573315	23076.75485	6710.639383	867.1115524	1934.932187	18797935.91	3.991563219	146190.3985	124.17	59009	20.08	25.1	4.47	4.56	4.66	4.81	5.73	6.87	7.5	4.8	0.5	0.54	0.53	0.55	0.6	0.81	1.05	1.5	2.44	4237.6	21938137.97	138.7	205.19	120.2	4.5
01/05/2024	1504854.88	130604.5812	51777.91957	94030.48064	55299.02251	471107.2089	1865753.452	222463.9642	3207.476896	1308.875051	23971.18426	7161.889043	953.193969	2204.567279	18798766.74	4.00845224	143421.1672	123.79	59348	20.02	25.025	4.52	4.61	4.74	4.92	5.85	6.8	7.51	4.8	0.5	0.57	0.57	0.59	0.65	0.85	1.09	1.55	2.46	4240.78	21885163.2	137.4	204.58	120	4.5
01/06/2024	1505090.327	130589.448	51336.00198	94482.85571	55416.2158	471742.827	1916873.828	211206.6518	3254.016846	1500.050708	23658.02983	7040.612069	1031.174949	2223.967062	18800557.36	4.066294742	142124.2358	124.05	59678	19.96	24.95	4.8	4.89	4.98	5.11	6.05	6.61	7.55	5.05	0.75	0.61	0.62	0.63	0.69	0.9	1.14	1.59	2.48	4244.07	21910574.58	136.7	203.97	119.8	4.75
01/07/2024	1496089.532	130156.3514	51061.16336	95157.05483	55544.76374	472586.1746	1863303.491	220028.7456	3205.64104	1433.03843	24992.3943	6846.120926	1059.728435	2141.258112	18801254.89	4.185178436	143409.346	124.41	60023	19.99	24.9875	4.72	4.82	4.94	5.02	5.92	6.76	7.5	5.05	0.75	0.65	0.65	0.67	0.74	0.94	1.18	1.63	2.5	4247.67	21938448.64	138.6	204.3	119.6	4.75
01/08/2024	1496736.62	130551.961	50838.19889	95479.03487	55740.31306	473253.5754	1851349.665	223768.2126	3305.467355	1362.71833	24826.33332	6821.347209	1032.587752	2093.399461	18801036.15	4.304398987	146817.9558	124.74	60371	20.02	25.025	4.76	4.88	4.94	5.03	5.96	6.87	7.51	5.05	0.75	0.69	0.7	0.71	0.78	0.99	1.23	1.67	2.52	4251.48	22091268.05	139.4	204.63	119.4	4.75
01/09/2024	1497137.029	130750.5092	50542.50458	95252.51768	55902.8916	474625.4724	1873955.25	211826.136	3208.317594	1362.438587	23927.14279	6915.853516	946.9844095	2102.593058	18800557.36	4.325763941	151366.2474	125.19	60710	20.06	25.075	5.04	5.17	5.23	5.31	6.21	7.12	7.55	5.3	0.75	0.75	0.75	0.77	0.84	1.05	1.29	1.72	2.55	4255.33	22283741.88	139.4	204.96	119.2	5
01/10/2024	1491691.909	130401.279	50107.13067	95205.49917	56064.20134	474931.1338	1865143.224	208052.5996	3167.478053	1373.616256	24972.39535	7059.209352	939.3054415	2279.102082	18800373.06	4.196044792	155967.7053	125.9	61064	20.14	25.175	4.97	5.1	5.2	5.3	6.16	7.06	7.5	5.3	0.75	0.81	0.81	0.84	0.91	1.12	1.36	1.79	2.59	4259.47	22504457.69	138.5	205.81	119	5
01/11/2024	1491260.369	137565.5552	49543.23267	94537.55872	56230.84035	475426.1092	1859222.648	183853.2701	2717.604877	1223.605908	27262.56701	6852.235912	983.3037676	2141.858082	18800433.76	3.987169019	160200.2721	126.85	61409	20.22	25.275	4.99	5.12	5.25	5.36	6.21	6.8	7.59	5.3	0.75	0.87	0.88	0.9	0.98	1.19	1.42	1.85	2.63	4263.61	22643796.48	139.7	206.66	118.8	5
01/12/2024	1502699.909	135007.9718	48345.45928	93528.73631	56388.99436	476347.437	1930744.408	180296.0558	2880.142661	1306.922556	26739.80961	6681.821347	1170.480226	2099.724391	18800557.36	3.824002532	163138.8318	127.45	61769	20.31	25.3875	5.29	5.44	5.53	5.6	6.39	6.89	7.63	5.55	1	0.93	0.94	0.97	1.04	1.26	1.49	1.91	2.67	4268.03	22252468.78	139.3	207.51	118.7	5.25
01/01/2025	1494533.878	133443.9156	47302.85209	92803.40812	56457.05539	477540.0585	1860650.725	200599.8843	3623.908364	1647.42618	24572.52742	7516.240081	1100.738022	1775.243505	18800606.47	3.780332942	164437.3843	127.96	62133	20.33	25.4125	5.2	5.37	5.49	5.55	6.3	6.96	7.58	5.55	1	1	1.01	1.03	1.11	1.32	1.56	1.97	2.71	4272.56	22387611.29	134.8	207.8	118	5.25
01/02/2025	1489802.322	132932.4913	46553.93065	93184.02813	56599.89358	480049.782	1859858.668	216844.5695	3208.583071	1607.944084	23309.65142	6761.452506	1025.677423	1942.393713	18800588.37	3.823929842	163971.2626	128.39	62464	20.36	25.45	5.22	5.38	5.44	5.51	6.2	7	7.59	5.55	1	1.05	1.07	1.09	1.18	1.39	1.62	2.04	2.75	4276.74	22551010.19	140.3	208.09	115	5.25
01/03/2025	1494428.028	131963.9521	45748.89914	93999.40364	56762.97351	483483.678	1886550.461	206463.2967	3337.547955	1615.673196	24958.46154	7119.169921	1042.253365	1968.435276	18800557.36	3.879545402	162146.4453	128.84	62835	20.39	25.4875	5.53	5.68	5.74	5.79	6.49	7.12	7.63	5.8	1.25	1.13	1.14	1.17	1.26	1.47	1.71	2.12	2.81	4281.44	22560207.75	139.9	208.38	110	5.5
01/04/2025	1500914.08	130772.4221	44946.219	95099.45603	56922.92518	484999.9203	1877539.696	232962.0336	3045.136791	1316.961994	24592.14487	6577.896502	921.1121908	1885.078374	18800543.67	3.91182468	158944.7468	128.58	63196	20.33	25.4125	5.48	5.62	5.68	5.75	6.44	7.09	7.62	5.8	1.25	1.2	1.22	1.26	1.35	1.57	1.8	2.2	2.87	4286.06	22613475.29	140.2	207.74	105	5.5
01/05/2025	1506924.27	130421.3236	44243.7332	96281.73212	57067.00298	488307.2671	1877799.354	241231.8594	3203.883165	1308.904605	25494.73751	7018.58959	990.4796717	2150.325532	18800547.87	3.932129151	155940.4112	128.19	63574	20.27	25.3375	5.46	5.59	5.65	5.73	6.35	7	7.66	5.8	1.25	1.28	1.3	1.34	1.43	1.66	1.89	2.29	2.93	4290.88	22561190.03	138.8	207.1	108	5.5
01/06/2025	1506538.002	130246.9983	43712.58183	96774.25667	57217.32734	488746.1192	1926621.798	229822.56	3241.761994	1494.678236	25196.29998	6898.498676	1051.265955	2167.867597	18800557.36	3.976957265	154512.2603	128.49	63943	20.2	25.25	5.49	5.61	5.67	5.77	6.35	7.17	7.61	5.8	1.5	1.36	1.38	1.42	1.52	1.75	1.98	2.37	2.99	4295.59	22588838.07	138.2	206.45	107	5.5
01/07/2025	1496914.984	129713.7029	43343.90807	97494.27536	57373.9336	489422.895	1873597.755	238492.6667	3214.210327	1429.480846	26537.23616	6707.116155	1070.409737	2084.388138	18800561.59	4.064168364	155866.7567	128.87	64328	20.22	25.275	5.47	5.58	5.64	5.75	6.3	7.2	7.6	5.8	1.5	1.44	1.46	1.51	1.6	1.83	2.06	2.45	3.05	4300.5	22614106.48	140	206.66	108	5.5
01/08/2025	1496940.334	129891.3747	43053.01604	97853.85185	57594.74398	489968.9163	1865746.582	242080.1466	3292.884304	1352.614633	26383.34036	6681.73525	1044.907985	2031.317744	18800560.79	4.165888527	159552.0496	129.21	64716	20.24	25.3	5.51	5.61	5.67	5.8	6.51	7.08	7.64	5.8	1.5	1.52	1.54	1.59	1.69	1.91	2.14	2.53	3.1	4305.47	22765828.75	140.8	206.86	105	5.5
01/09/2025	1496719.41	129899.0304	42729.67454	97651.49823	57769.63902	491226.9253	1889229.26	229986.0829	3198.765028	1345.029517	25493.56275	6773.011227	971.7793368	2045.464614	18800557.36	4.230705116	164563.9356	129.65	65096	20.26	25.325	5.47	5.56	5.62	5.75	6.42	7	7.59	5.8	1.75	1.6	1.62	1.67	1.77	1.99	2.22	2.6	3.15	4310.37	22973175.7	140.8	207.06	100	5.5
01/10/2025	1490652.146	129437.6672	42299.15598	97633.03151	57944.60681	491361.6609	1873526.202	226060.5595	3128.414514	1363.62735	26546.38232	6912.375516	961.6990745	2214.628526	18800554.04	4.211928843	169728.4183	130.36	65492	20.34	25.425	5.51	5.59	5.65	5.78	6.47	6.96	7.58	5.8	1.75	1.67	1.7	1.74	1.85	2.07	2.3	2.67	3.19	4315.55	23232739.81	139.9	207.89	99	5.5
01/11/2025	1489597.578	136639.3378	41753.97298	96977.79038	58122.91424	491592.4721	1867964.725	201709.2428	2782.337175	1242.851819	28850.49059	6708.71283	993.8396529	2081.813007	18800553.2	4.060397574	174409.3464	131.32	65879	20.43	25.5375	5.47	5.54	5.6	5.73	6.48	7.04	7.62	5.8	1.75	1.75	1.78	1.82	1.93	2.15	2.37	2.74	3.24	4320.67	23420606.7	141	208.73	102	5.5
01/12/2025	1500414.902	134281.2625	40667.72729	95972.45877	58297.73525	492428.8492	1946298.482	198000.0415	2961.107998	1333.340001	28331.03256	6541.041004	1183.515552	2018.664227	18800557.36	3.740026598	177366.215	131.91	65879	20.51	25.6375	5.51	5.57	5.63	5.76	6.57	7	7.57	5.8	2	1.83	1.86	1.9	2.01	2.23	2.45	2.81	3.28	4320.67	23043188.39	140.6	209.56	103	5.5
